4176000 0 1 3 4.999999999999999 0 150

4177000 0 1 3 4.999999999999999 0 150

4178000 0 1 3 3.999999999999999 0 120

4179000 0 1 3 4.999999999999999 0 150

4180000 0 1 3 4.999999999999999 0 150

4181000 0 1 3 3.999999999999999 0 120

4182000 0 1 3 3.999999999999999 0 120

4183000 0 1 3 3.999999999999999 0 120

4184000 0 1 3 2.9999999999999996 0 90

4186000 0 1 3 1.9999999999999996 0 60 0 1 3 0.9999999999999999 80 90

4187000 0 1 3 1.9999999999999996 0 60 0 1 3 0.9999999999999999 80 90

4188000 0 1 3 1.9999999999999996 0 60 0 1 3 0.9999999999999999 80 90

4189000 0 1 3 1.833333333333333 0 55 0 1 3 0.9999999999999999 70 80

4190000 0 1 3 0.9999999999999999 0 30 0 1 3 0.9999999999999999 40 50

4191000 0 1 3 0.9999999999999999 0 30 0 1 3 0.9999999999999999 40 50

4192000 0 1 3 0.9999999999999999 20 30

4193000 0 1 3 0.9999999999999999 20 30

4194000 0 1 3 0.9999999999999999 20 30

4195000

4196000

4197000

4198000

4199000

4200000 0 0 0 1.0 116 126

4201000 0 0 0 1.0 106 116

4202000 0 0 0 1.0 96 106

4203000 0 0 0 1.0 86 96 0 1 3 0.9999999999999999 100 110

4204000 0 0 0 1.0 76 86 0 1 3 0.9999999999999999 90 100 1 1 2 1.0 57 67

4205000 0 0 0 1.0 66 76 0 1 3 0.9999999999999999 80 90 1 1 2 1.0 47 57

4206000 0 0 0 1.0 56 66 0 1 3 0.9999999999999999 70 80 1 1 2 2.0 37 67

4207000 0 0 0 1.0 46 56 0 1 3 0.9999999999999999 60 70 1 1 2 2.0 27 57

4209000 0 0 0 1.0 26 36 0 1 3 0.9999999999999999 40 50 1 1 2 2.0 7 37

4210000 0 0 0 1.0 16 26 0 0 0 1.0 126 136 0 1 3 0.9999999999999999 30 40 1 1 2 2.001355728924871 0 60

4211000 0 0 0 1.0 6 16 0 0 0 1.0 116 126 0 1 3 0.9999999999999999 20 30 1 1 2 1.5098556304138597 0 45

4213000 0 0 0 0.4602745098039216 0 14 0 0 0 1.0 96 106 0 1 3 0.9999999999999999 0 30 1 1 2 1.5098556304138597 0 45

4214000 0 0 0 0.29360784313725496 0 9 0 0 0 1.0 86 96 0 1 3 0.9757647058823529 0 29 0 1 3 0.9999999999999999 110 120 1 1 2 1.5098556304138597 0 45

4215000 0 0 0 0.14680392156862748 0 4 0 0 0 1.0 76 86 0 1 3 0.9999999999999999 80 90 1 1 2 1.5098556304138597 0 45

4216000 0 0 0 0.07340196078431374 0 2 0 0 0 1.0 66 76 0 1 3 1.9999999999999998 80 110 1 1 2 1.5098556304138597 0 45

4218000 0 0 0 1.0 46 56 0 1 3 1.9999999999999998 70 100 1 1 2 1.5098556304138597 0 45

4219000 0 0 0 1.0 36 46 0 1 3 2.9999999999999996 60 120 1 1 2 1.5098556304138597 0 45

4220000 0 0 0 1.0 6 16 0 1 3 2.9999999999999996 50 110 1 1 2 1.5098556304138597 0 45

4221000 0 0 0 1.0 6 16 0 1 3 2.9999999999999996 40 100 1 1 2 1.5098556304138597 0 45

4223000 0 0 0 1.0 0 30 0 1 3 2.9999999999999996 20 80 1 1 2 1.5098556304138597 0 45

4224000 0 0 0 0.4602745098039216 0 14 0 1 3 2.9999999999999996 10 70 1 1 2 1.5098556304138597 0 45

4225000 0 1 3 2.9999999999999996 0 90 1 1 2 1.5098556304138597 0 45

4226000 0 1 3 2.9757647058823524 0 89 1 1 2 1.5098556304138597 0 45

4228000 0 1 3 1.9999999999999998 0 60 1 1 2 1.5098556304138597 0 45

4229000 0 1 3 1.9999999999999998 0 60 1 1 2 1.5098556304138597 0 45

4230000 0 1 3 1.9999999999999998 0 60 1 1 2 1.5098556304138597 0 45

4231000 0 1 3 1.8333333333333333 0 55 1 1 2 1.5098556304138597 0 45

4233000 0 1 3 1.4999999999999998 0 45 1 1 2 1.5098556304138597 0 45

4234000 0 1 3 1.333333333333333 0 40 1 1 2 1.5098556304138597 0 45

4235000 0 1 3 0.9999999999999997 0 30 1 1 2 1.5098556304138597 0 45

4237000 0 1 3 0.9999999999999997 0 30 1 1 2 1.5098556304138597 0 45

4239000 0 1 3 0.6666666666666664 0 20 1 1 2 1.5098556304138597 0 45

4240000 1 1 2 1.5098556304138597 0 45

4241000 1 1 2 1.5098556304138597 0 45

4249000 1 1 2 1.5098556304138597 0 45

4250000 1 1 2 1.5098556304138597 0 45

4251000 1 1 2 1.5098556304138597 0 45

4252000 1 1 2 1.343188963747193 0 40 1 1 2 1.0 57 67

4253000 1 1 2 0.5098556304138595 0 15 1 1 2 1.0 27 37

4254000 1 1 2 0.5098556304138595 0 15 1 1 2 1.0 27 37

4255000 1 1 2 0.5098556304138595 0 15 1 1 2 1.0 27 37

4256000 1 1 2 0.3431889637471929 0 10 1 1 2 1.0 17 27

4257000 1 1 2 0.17652229708052622 0 5 1 1 2 1.0 7 17

4258000 1 1 2 0.913094580384608 0 28

4259000 1 1 2 0.3382611485402631 0 10

4260000 0 1 3 0.9999999999999999 100 110 1 1 2 0.3382611485402631 0 10

4261000 0 1 3 0.9999999999999999 90 100 1 1 2 0.3382611485402631 0 10

4262000 0 1 3 0.9999999999999999 80 90 1 1 2 0.17159448187359647 0 5

4264000 0 0 0 1.0 116 126 0 1 3 0.9999999999999999 60 70 0 1 3 0.9999999999999999 100 110

4273000 0 0 0 1.0 26 36 0 1 3 3.999999999999999 0 120

4274000 0 0 0 1.0 16 26 0 1 3 3.999999999999999 0 120

4275000 0 0 0 1.0 6 16 0 1 3 3.499999999999999 0 105

4276000 0 0 0 1.0 0 30 0 1 3 3.499999999999999 0 105

4277000 0 0 0 0.8333333333333334 0 25 0 1 3 3.499999999999999 0 105

4278000 0 0 0 0.6666666666666667 0 20 0 1 3 3.333333333333332 0 100

4279000 0 0 0 0.5000000000000001 0 15 0 1 3 3.166666666666666 0 95

4280000 0 0 0 0.3333333333333335 0 10 0 1 3 2.499999999999999 0 75

4281000 0 0 0 0.16666666666666682 0 5 0 1 3 2.499999999999999 0 75

4282000 0 0 0 0.08333333333333341 0 3 0 1 3 2.499999999999999 0 75

4283000 0 1 3 2.3333333333333326 0 70

4284000 0 1 3 2.166666666666666 0 65

4285000

4287000 1 1 2 1.0 37 47

4296000 1 1 2 0.2573917228103948 0 8 1 1 2 1.0 17 27

4297000 1 1 2 1.2573917228103948 0 38

4298000 1 1 2 1.2587474517352661 0 38

4299000 1 1 2 1.0956528713506581 0 33

4300000 1 1 2 0.9289862046839915 0 28

4301000 1 1 2 0.2623195380173249 0 8

4302000 1 1 2 0.2623195380173249 0 8

4303000 1 1 2 0.2623195380173249 0 8 1 1 2 1.0 57 67

4304000 1 1 2 0.13115976900866244 0 4 1 1 2 1.0 47 57

4305000 1 1 2 0.06557988450433122 0 2 1 1 2 1.0 37 47

4306000 1 1 2 1.0 27 37

4307000 0 0 0 1.0 126 136 1 1 2 1.0 17 27

4308000 0 0 0 1.0 116 126 1 1 2 1.0 7 17

4309000 0 0 0 2.0 106 136 1 1 2 0.23445741097208894 0 7

4311000 0 0 0 3.0 86 136 1 1 2 0.23445741097208894 0 7

4319000 0 0 0 5.0 6 96 0 1 3 0.9999999999999999 100 110 1 1 2 0.21007804980750766 0 6

4320000 0 0 0 6.0 0 180 0 1 3 0.9999999999999999 90 100 1 1 2 0.21007804980750766 0 6

4321000 0 0 0 5.999999999999999 0 180 0 1 3 2.0 80 120 1 1 2 0.21007804980750766 0 6

4322000 0 0 0 5.833333333333332 0 175 0 1 3 2.0 70 110 1 1 2 0.21007804980750766 0 6

4323000 0 0 0 5.999999999999999 0 180 0 1 3 2.0 60 100 1 1 2 0.21007804980750766 0 6

4324000 0 0 0 5.999999999999999 0 180 0 1 3 2.0 50 90 1 1 2 0.21007804980750766 0 6

4325000 0 0 0 5.999999999999999 0 180 0 1 3 2.0 40 80 1 1 2 0.21007804980750766 0 6

4326000 0 0 0 6.0 0 180 0 1 3 2.0 30 70 1 1 2 1.0 0 30

4327000 0 0 0 6.0 0 180 0 1 3 2.0 20 60 1 1 2 1.0 0 30

4328000 0 0 0 6.0 0 180 0 1 3 2.0 10 50 1 1 2 1.0 0 30

4329000 0 0 0 5.0 0 150 0 1 3 1.9999999999999998 0 60 1 1 2 1.0 0 30

4330000 0 0 0 5.0 0 150 0 1 3 1.9757647058823529 0 59 1 1 2 1.0 0 30

4331000 0 0 0 4.0 0 120 0 1 3 1.8090980392156863 0 54 0 1 3 1.0 110 120 1 1 2 1.0 0 30

4335000 0 0 0 3.0 0 90 0 1 3 0.6181960784313726 0 19 0 1 3 1.0 70 80 1 1 2 1.0 0 30

4336000 0 0 0 2.833333333333333 0 85 0 1 3 0.45152941176470596 0 14 0 1 3 1.0 60 70 1 1 2 1.0 0 30

4337000 0 0 0 2.6666666666666665 0 80 0 1 3 0.14243137254901966 0 4 0 1 3 1.0 30 40 1 1 2 1.0 0 30

4338000 0 0 0 2.5 0 75 0 1 3 0.14243137254901966 0 4 0 1 3 1.0 30 40 1 1 2 1.0 0 30

4340000 0 0 0 1.9999999999999996 0 60 0 1 3 0.07121568627450983 0 2 0 1 3 1.0 20 30 1 1 2 1.0 0 30

4341000 0 0 0 1.9999999999999996 0 60 0 1 3 0.035607843137254916 0 1 0 1 3 1.0 10 20 1 1 2 1.0 0 30

4342000 0 0 0 1.8333333333333328 0 55 0 1 3 0.9821960784313725 0 30 1 1 2 1.0 0 30

4343000 0 0 0 0.9999999999999996 0 30 0 1 3 0.9668627450980392 0 29 1 1 2 1.0 0 30 1 1 2 1.0 47 57

4345000 0 0 0 0.9999999999999996 0 30 0 1 3 0.6335294117647059 0 19 1 1 2 3.0 0 90

4347000 0 1 3 0.10682352941176476 0 3 1 1 2 3.0 0 90

4348000 0 0 0 0.9999999999999998 126 136 0 1 3 0.10682352941176476 0 3 1 1 2 3.001355728924871 0 90

4349000 0 0 0 0.9999999999999998 116 126 0 1 3 0.05341176470588238 0 2 1 1 2 3.0056056796693658 0 90

4350000 0 0 0 0.9999999999999998 106 116 0 1 3 0.02670588235294119 0 1 1 1 2 3.0080695872728307 0 90

4352000 0 0 0 0.9999999999999998 86 96 1 1 2 3.0098556304138597 0 90

4360000 0 0 0 0.9999999999999998 6 16 0 0 0 0.9999999999999998 66 76 0 1 3 1.0 80 90 1 1 2 3.0098556304138597 0 90

4361000 0 0 0 0.9999999999999998 0 30 0 0 0 0.9999999999999998 56 66 0 1 3 2.0 70 110 1 1 2 3.0098556304138597 0 90

4362000 0 0 0 0.9999999999999998 0 30 0 0 0 0.9999999999999998 46 56 0 1 3 2.0 60 100 1 1 2 3.0098556304138597 0 90

4363000 0 0 0 0.9999999999999998 0 30 0 0 0 0.9999999999999998 36 46 0 1 3 2.0 50 90 1 1 2 2.843188963747193 0 85

4364000 0 0 0 1.9999999999999996 0 60 0 1 3 2.0 40 80 1 1 2 2.00985563041386 0 60

4365000 0 0 0 1.9999999999999996 0 60 0 1 3 2.0 30 70 1 1 2 2.00985563041386 0 60

4366000 0 0 0 1.9999999999999996 0 60 0 1 3 2.0 20 60 0 1 3 1.0 100 110 1 1 2 2.00985563041386 0 60

4367000 0 0 0 1.9999999999999996 0 60 0 1 3 2.0 10 50 0 1 3 1.0 90 100 1 1 2 1.00985563041386 0 30

4368000 0 0 0 1.333333333333333 0 40 0 1 3 1.9999999999999998 0 60 0 1 3 1.0 80 90 1 1 2 1.00985563041386 0 30 1 1 2 1.0 37 47

4369000 0 0 0 1.333333333333333 0 40 0 1 3 2.0 0 60 0 1 3 1.0 70 80 1 1 2 1.00985563041386 0 30 1 1 2 1.0 37 47

4370000 0 0 0 1.333333333333333 0 40 0 1 3 2.0 0 60 0 1 3 1.0 60 70 0 1 3 1.0 110 120 1 1 2 0.8431889637471933 0 25 1 1 2 1.0 27 37

4371000 0 0 0 1.333333333333333 0 40 0 1 3 3.0 0 90 0 1 3 1.0 100 110 1 1 2 1.0 17 27

4372000 0 0 0 1.333333333333333 0 40 0 1 3 3.0 0 90 0 1 3 1.0 90 100 1 1 2 1.0 7 17

4373000 0 0 0 1.333333333333333 0 40 0 1 3 4.0 0 120 1 1 2 1.0013557289248711 0 30

4375000 0 0 0 1.333333333333333 0 40 0 1 3 4.093470588235294 0 123 1 1 2 0.338261148540263 0 10

4377000 0 0 0 1.333333333333333 0 40 0 1 3 4.093470588235294 0 123 1 1 2 0.17159448187359636 0 5

4379000 0 0 0 1.333333333333333 0 40 0 1 3 4.093470588235294 0 123

4379000 0 0 0 1.333333333333333 0 40 0 1 3 4.093470588235294 0 123

4388000 0 0 0 1.333333333333333 0 40 0 1 3 6.093470588235294 0 183

4389000 0 0 0 1.333333333333333 0 40 0 1 3 6.093470588235294 0 183

4390000 0 0 0 1.333333333333333 0 40 0 1 3 6.093470588235294 0 183

4391000 0 0 0 1.1666666666666663 0 35 0 1 3 5.926803921568627 0 178 1 1 2 1.0 57 67

4392000 0 0 0 0.3333333333333332 0 10 0 1 3 5.760137254901961 0 173 1 1 2 1.0 47 57

4393000 0 0 0 0.3333333333333332 0 10 0 1 3 5.593470588235295 0 168 1 1 2 1.0 37 47

4394000 0 0 0 0.3333333333333332 0 10 0 1 3 5.426803921568628 0 163 1 1 2 1.0 27 37

4395000 0 0 0 0.1666666666666666 0 5 0 1 3 5.260137254901961 0 158 1 1 2 1.0 17 27

4396000 0 0 0 0.0833333333333333 0 2 0 1 3 4.926803921568629 0 148 1 1 2 1.0 7 17

4397000 0 0 0 0.04166666666666665 0 1 0 1 3 4.926803921568629 0 148 1 1 2 1.0013557289248711 0 30

4398000 0 1 3 3.9268039215686286 0 118 1 1 2 1.0049278152069299 0 30

4399000 0 1 3 3.9268039215686286 0 118 1 1 2 1.0049278152069299 0 30

4400000 0 1 3 3.9268039215686286 0 118 1 1 2 0.2573917228103947 0 8

4402000 0 1 3 2.926803921568629 0 88 1 1 2 0.2573917228103947 0 8

4403000 0 1 3 1.926803921568629 0 58 1 1 2 0.2573917228103947 0 8 1 1 2 1.0 57 67

4404000 0 1 3 1.926803921568629 0 58 1 1 2 0.2573917228103947 0 8 1 1 2 1.0 47 57

4405000 0 1 3 1.926803921568629 0 58 1 1 2 0.2573917228103947 0 8 1 1 2 1.0 37 47

4406000 0 1 3 1.7601372549019623 0 53 1 1 2 2.0 0 60

4408000 0 1 3 1.4268039215686288 0 43 1 1 2 2.0 0 60

4409000 0 1 3 0.9268039215686286 0 28 1 1 2 2.0013557289248713 0 60

4410000 0 1 3 0.9268039215686286 0 28 0 1 3 1.0 100 110 1 1 2 2.00492781520693 0 60

4412000 0 1 3 0.7601372549019619 0 23 0 1 3 1.0 90 100 1 1 2 2.00492781520693 0 60

4413000 0 1 3 0.5934705882352953 0 18 0 1 3 1.0 80 90 1 1 2 2.00492781520693 0 60

4414000 0 1 3 1.0 70 80 1 1 2 2.00492781520693 0 60

4415000 0 1 3 1.0 60 70 1 1 2 2.00492781520693 0 60

4417000 0 1 3 1.0 40 50 1 1 2 2.00492781520693 0 60

4418000 0 1 3 1.0 30 40 1 1 2 2.00492781520693 0 60

4419000 0 1 3 1.0 20 30 1 1 2 2.00492781520693 0 60

4421000 0 1 3 1.0 0 30 1 1 2 2.00492781520693 0 60

4423000 0 1 3 0.7606274509803922 0 23 1 1 2 2.00492781520693 0 60

4425000 0 0 0 0.9999999999999998 116 126 0 1 3 0.42729411764705894 0 13 1 1 2 2.00492781520693 0 60

4425000 0 0 0 0.9999999999999998 116 126 0 1 3 0.42729411764705894 0 13 1 1 2 2.00492781520693 0 60

4433000 0 0 0 3.999999999999999 36 116 1 1 2 2.00492781520693 0 60

4434000 0 0 0 4.999999999999999 26 136 1 1 2 2.00492781520693 0 60

4435000 0 0 0 4.999999999999999 16 126 1 1 2 2.00492781520693 0 60

4436000 0 0 0 4.999999999999999 6 116 1 1 2 1.8382611485402631 0 55

4437000 0 0 0 4.999999999999999 0 150 1 1 2 1.0049278152069296 0 30

4438000 0 0 0 4.999999999999999 0 150 1 1 2 1.0049278152069296 0 30

4439000 0 0 0 4.312499999999999 0 129 1 1 2 1.0049278152069296 0 30

4440000 0 0 0 4.312499999999999 0 129 1 1 2 0.838261148540263 0 25

4441000 0 0 0 4.312499999999999 0 129 1 1 2 0.6715944818735964 0 20

4442000 0 0 0 4.312499999999999 0 129 0 1 3 1.0 100 110

4443000 0 0 0 4.312499999999999 0 129 0 1 3 1.0 90 100 1 1 2 1.0 47 57

4444000 0 0 0 4.3125 0 129 0 1 3 1.0 80 90 1 1 2 1.0 37 47

4445000 0 0 0 4.312499999999999 0 129 0 1 3 1.0 70 80 1 1 2 1.0 27 37

4446000 0 0 0 4.312499999999999 0 129 0 1 3 1.0 60 70 0 1 3 1.0 110 120 1 1 2 1.0 17 27

4448000 0 0 0 5.312499999999999 0 159 0 1 3 1.0 40 50 0 1 3 2.0 90 120 1 1 2 1.0013557289248711 0 30 1 1 2 1.0 47 57

4449000 0 0 0 5.312499999999999 0 159 0 1 3 1.0 30 40 0 1 3 2.0 80 110 1 1 2 0.8666911272150823 0 26 1 1 2 1.0 37 47

4450000 0 0 0 6.312499999999998 0 189 0 1 3 1.0 20 30 0 1 3 2.0 70 100 1 1 2 1.5049278152069299 0 45

4451000 0 0 0 6.312499999999998 0 189 0 1 3 1.0 10 20 0 1 3 2.0 60 90 1 1 2 1.5049278152069299 0 45

4453000 0 0 0 6.312499999999998 0 189 0 1 3 1.0 0 30 0 1 3 2.0 40 70 0 1 3 1.0 100 110 1 1 2 1.3396168774651342 0 40

4454000 0 0 0 6.312499999999998 0 189 0 1 3 1.0 0 30 0 1 3 2.0 30 60 0 1 3 1.0 90 100 1 1 2 1.1765222970805262 0 35

4456000 0 0 0 6.312499999999998 0 189 0 1 3 2.0 0 60 0 1 3 1.0 60 70 1 1 2 0.5098556304138595 0 15

4465000 0 0 0 6.312499999999998 0 189 0 1 3 3.0 0 90

4466000 0 0 0 7.312499999999998 0 219 0 1 3 3.0 0 90

4467000 0 0 0 7.312499999999999 0 219 0 1 3 2.9999999999999996 0 90

4468000 0 0 0 7.145833333333332 0 214 0 1 3 2.833333333333333 0 85

4469000 0 0 0 6.312499999999998 0 189 0 1 3 2.6666666666666665 0 80

4470000 0 0 0 7.312499999999998 0 219 0 1 3 2.0 0 60

4471000 0 0 0 6.312499999999998 0 189 0 1 3 2.0 0 60 0 1 3 0.9999999999999999 100 110

4472000 0 0 0 6.312499999999998 0 189 0 1 3 2.0 0 60 0 1 3 0.9999999999999999 100 110

4473000 0 0 0 7.312499999999998 0 219 0 1 3 1.8333333333333335 0 55 0 1 3 0.9999999999999999 90 100

4474000 0 0 0 6.312499999999998 0 189 0 1 3 1.6666666666666667 0 50 0 1 3 0.9999999999999999 80 90

4475000 0 0 0 6.312499999999998 0 189 0 1 3 1.5 0 45 0 1 3 0.9999999999999999 70 80

4476000 0 0 0 6.312499999999998 0 189 0 1 3 1.3333333333333333 0 40 0 1 3 0.9999999999999999 60 70

4477000 0 0 0 6.145833333333332 0 184 0 1 3 1.1666666666666665 0 35 0 1 3 0.9999999999999999 50 60 0 1 3 0.9999999999999999 110 120

4479000 0 0 0 5.312499999999998 0 159 0 1 3 0.8333333333333333 0 25 0 1 3 0.9999999999999999 30 40 0 1 3 0.9999999999999999 90 100

4480000 0 0 0 5.312499999999998 0 159 0 1 3 0.6666666666666666 0 20 0 1 3 0.9999999999999999 20 30 0 1 3 1.9999999999999998 80 110

4481000 0 0 0 5.312499999999998 0 159 0 1 3 1.4999999999999998 0 45 0 1 3 1.9999999999999998 70 100

4482000 0 0 0 4.312499999999999 0 129 0 1 3 1.3333333333333333 0 40 0 1 3 1.9999999999999998 60 90 1 1 2 1.0 57 67

4483000 0 0 0 4.312499999999999 0 129 0 1 3 1.1666666666666665 0 35 0 1 3 1.9999999999999998 50 80 1 1 2 1.0 47 57

4484000 0 0 0 4.312499999999999 0 129 0 1 3 0.9999999999999999 0 30 0 1 3 1.9999999999999998 40 70 1 1 2 1.0 37 47

4485000 0 0 0 4.145833333333332 0 124 0 1 3 0.8333333333333333 0 25 0 1 3 1.9999999999999998 30 60 1 1 2 1.0 27 37

4487000 0 0 0 0.46027450980392154 0 14 0 1 3 2.5 0 75 1 1 2 1.0 7 17

4488000 0 1 3 2.333333333333333 0 70 1 1 2 1.0013557289248711 0 30

4489000 0 1 3 2.1666666666666665 0 65 1 1 2 1.0049278152069299 0 30

4490000 0 1 3 1.9999999999999998 0 60 1 1 2 1.0049278152069299 0 30

4492000 0 0 0 0.9999999999999999 96 106 0 1 3 1.6666666666666665 0 50 0 1 3 0.9999999999999999 110 120 1 1 2 0.42652229708052625 0 13

4493000 0 0 0 0.9999999999999999 96 106 0 1 3 1.4999999999999998 0 45 0 1 3 0.9999999999999999 100 110 1 1 2 0.42652229708052625 0 13

4494000 0 0 0 1.9999999999999998 76 106 0 1 3 1.333333333333333 0 40 0 1 3 0.9999999999999999 90 100 1 1 2 0.42652229708052625 0 13

4495000 0 0 0 1.9999999999999998 76 106 0 1 3 1.1666666666666663 0 35 0 1 3 0.9999999999999999 80 90 1 1 2 0.42652229708052625 0 13

4496000 0 0 0 1.9999999999999998 76 106 0 1 3 0.9999999999999998 0 30 0 1 3 0.9999999999999999 70 80 1 1 2 0.42652229708052625 0 13

4497000 0 0 0 1.9999999999999998 66 96 0 1 3 0.6666666666666665 0 20 0 1 3 0.9999999999999999 40 50 1 1 2 1.0 0 30

4498000 0 0 0 1.9999999999999998 56 86 0 1 3 0.6666666666666665 0 20 0 1 3 0.9999999999999999 40 50 1 1 2 1.0 0 30

4499000 0 0 0 1.9999999999999998 46 76 0 1 3 0.6666666666666665 0 20 0 1 3 0.9999999999999999 40 50 1 1 2 1.0 0 30

4500000 0 0 0 1.9999999999999998 36 66 0 1 3 0.49999999999999994 0 15 0 1 3 0.9999999999999999 30 40 1 1 2 1.0 0 30