271000: 0.0, 0.0, 0.0, 0.0, 0.0: 0.0: 0.0, 0.0, 0.0, 0.0, 0.0
301000: 0.0, 0.0, 0.0, 0.0, 0.0: 0.0: 0.0, 0.0, 0.0, 0.0, 0.0
331000: 0.0, 0.0, 0.0, 0.0, 0.0: 0.0: 0.0, 0.0, 0.0, 0.0, 0.0
361000: 0.0, 0.0, 0.0, 0.0, 0.0: 0.0: 0.0, 0.0, 0.0, 0.0, 0.0
391000: 0.0, 0.0, 0.0, 0.0, 0.0: 0.0: 0.0, 0.0, 0.0, 0.0, 0.0
421000: 0.0, 0.0, 0.0, 0.0, 0.04861523747276687: 0.0162050791576: 0.0, 0.0, 0.0, 0.0, 0.0
451000: 0.0, 0.0, 0.0, 0.04861523747276687, 0.16541450980392147: 0.0713432490922: 0.0, 0.0, 0.0, 0.0, 0.0
481000: 0.0, 0.0, 0.04861523747276687, 0.16541450980392147, 0.37225588017429173: 0.195428542484: 0.0, 0.0, 0.0, 0.0, 0.0
511000: 0.0, 0.04861523747276687, 0.16541450980392147, 0.37225588017429173, 0.8614225539215682: 0.466364314633: 0.0, 0.0, 0.0, 0.0, 0.04861523747276687
541000: 0.04861523747276687, 0.16541450980392147, 0.37225588017429173, 0.8614225539215682, 0.8419153937908498: 0.691864609296: 0.0, 0.0, 0.0, 0.04861523747276687, 0.16541450980392147
571000: 0.16541450980392147, 0.37225588017429173, 0.8614225539215682, 0.8419153937908498, 0.5077321032432938: 0.737023350319: 0.0, 0.0, 0.04861523747276687, 0.16541450980392147, 0.37225588017429173
601000: 0.37225588017429173, 0.8614225539215682, 0.8419153937908498, 0.5077321032432938, 0.5959369677510977: 0.648528154928: 0.0, 0.04861523747276687, 0.16541450980392147, 0.37225588017429173, 0.8614225539215682
631000: 0.8614225539215682, 0.8419153937908498, 0.5077321032432938, 0.5959369677510977, 0.33196577732566557: 0.47854494944: 0.04861523747276687, 0.16541450980392147, 0.37225588017429173, 0.8614225539215682, 0.8419153937908498
661000: 0.8419153937908498, 0.5077321032432938, 0.5959369677510977, 0.33196577732566557, 0.19836702066099884: 0.375423255246: 0.16541450980392147, 0.37225588017429173, 0.8614225539215682, 0.8419153937908498, 0.5077321032432938
691000: 0.5077321032432938, 0.5959369677510977, 0.33196577732566557, 0.19836702066099884, 0.24999999999999997: 0.260110932662: 0.37225588017429173, 0.8614225539215682, 0.8419153937908498, 0.5077321032432938, 0.5959369677510977
721000: 0.5959369677510977, 0.33196577732566557, 0.19836702066099884, 0.24999999999999997, 0.4733333333333333: 0.307233451331: 0.8614225539215682, 0.8419153937908498, 0.5077321032432938, 0.5959369677510977, 0.33196577732566557
751000: 0.33196577732566557, 0.19836702066099884, 0.24999999999999997, 0.4733333333333333, 0.6048119063180825: 0.442715079884: 0.8419153937908498, 0.5077321032432938, 0.5959369677510977, 0.33196577732566557, 0.19836702066099884
781000: 0.19836702066099884, 0.24999999999999997, 0.4733333333333333, 0.6048119063180825, 0.37130201525054474: 0.483149084967: 0.5077321032432938, 0.5959369677510977, 0.33196577732566557, 0.19836702066099884, 0.24999999999999997
811000: 0.24999999999999997, 0.4733333333333333, 0.6048119063180825, 0.37130201525054474, 0.7239869215409688: 0.566700281037: 0.5959369677510977, 0.33196577732566557, 0.19836702066099884, 0.24999999999999997, 0.4733333333333333
841000: 0.4733333333333333, 0.6048119063180825, 0.37130201525054474, 0.7239869215409688, 0.8902505154079858: 0.661846484066: 0.33196577732566557, 0.19836702066099884, 0.24999999999999997, 0.4733333333333333, 0.6048119063180825
871000: 0.6048119063180825, 0.37130201525054474, 0.7239869215409688, 0.8902505154079858, 0.5140962953920717: 0.709444577447: 0.19836702066099884, 0.24999999999999997, 0.4733333333333333, 0.6048119063180825, 0.37130201525054474
901000: 0.37130201525054474, 0.7239869215409688, 0.8902505154079858, 0.5140962953920717, 0.6184722222222223: 0.674273011007: 0.24999999999999997, 0.4733333333333333, 0.6048119063180825, 0.37130201525054474, 0.7239869215409688
931000: 0.7239869215409688, 0.8902505154079858, 0.5140962953920717, 0.6184722222222223, 0.4922222222222223: 0.541596913279: 0.4733333333333333, 0.6048119063180825, 0.37130201525054474, 0.7239869215409688, 0.8902505154079858
961000: 0.8902505154079858, 0.5140962953920717, 0.6184722222222223, 0.4922222222222223, 0.04120370370370371: 0.383966049383: 0.6048119063180825, 0.37130201525054474, 0.7239869215409688, 0.8902505154079858, 0.5140962953920717
991000: 0.5140962953920717, 0.6184722222222223, 0.4922222222222223, 0.04120370370370371, 0.0: 0.177808641975: 0.37130201525054474, 0.7239869215409688, 0.8902505154079858, 0.5140962953920717, 0.6184722222222223
1021000: 0.6184722222222223, 0.4922222222222223, 0.04120370370370371, 0.0, 0.18271241830065357: 0.0746387073348: 0.7239869215409688, 0.8902505154079858, 0.5140962953920717, 0.6184722222222223, 0.4922222222222223
1051000: 0.4922222222222223, 0.04120370370370371, 0.0, 0.18271241830065357, 0.6464161220043574: 0.276376180102: 0.8902505154079858, 0.5140962953920717, 0.6184722222222223, 0.4922222222222223, 0.04120370370370371
1081000: 0.04120370370370371, 0.0, 0.18271241830065357, 0.6464161220043574, 0.56140522875817: 0.463511256354: 0.5140962953920717, 0.6184722222222223, 0.4922222222222223, 0.04120370370370371, 0.0
1111000: 0.0, 0.18271241830065357, 0.6464161220043574, 0.56140522875817, 0.5958363439542481: 0.601219231572: 0.6184722222222223, 0.4922222222222223, 0.04120370370370371, 0.0, 0.18271241830065357
1141000: 0.18271241830065357, 0.6464161220043574, 0.56140522875817, 0.5958363439542481, 1.014346309912854: 0.723862627542: 0.4922222222222223, 0.04120370370370371, 0.0, 0.18271241830065357, 0.6464161220043574
1171000: 0.6464161220043574, 0.56140522875817, 0.5958363439542481, 1.014346309912854, 0.8203550095315904: 0.810179221133: 0.04120370370370371, 0.0, 0.18271241830065357, 0.6464161220043574, 0.56140522875817
1201000: 0.56140522875817, 0.5958363439542481, 1.014346309912854, 0.8203550095315904, 0.4350115740740739: 0.756570964506: 0.0, 0.18271241830065357, 0.6464161220043574, 0.56140522875817, 0.5958363439542481
1231000: 0.5958363439542481, 1.014346309912854, 0.8203550095315904, 0.4350115740740739, 0.22031250000000005: 0.491893027869: 0.18271241830065357, 0.6464161220043574, 0.56140522875817, 0.5958363439542481, 1.014346309912854
1261000: 1.014346309912854, 0.8203550095315904, 0.4350115740740739, 0.22031250000000005, 0.35101851851851856: 0.335447530864: 0.6464161220043574, 0.56140522875817, 0.5958363439542481, 1.014346309912854, 0.8203550095315904
1291000: 0.8203550095315904, 0.4350115740740739, 0.22031250000000005, 0.35101851851851856, 0.4233333333333335: 0.331554783951: 0.56140522875817, 0.5958363439542481, 1.014346309912854, 0.8203550095315904, 0.4350115740740739
1321000: 0.4350115740740739, 0.22031250000000005, 0.35101851851851856, 0.4233333333333335, 0.16175925925925924: 0.312037037037: 0.5958363439542481, 1.014346309912854, 0.8203550095315904, 0.4350115740740739, 0.22031250000000005
1351000: 0.22031250000000005, 0.35101851851851856, 0.4233333333333335, 0.16175925925925924, 0.05777777777777777: 0.214290123457: 1.014346309912854, 0.8203550095315904, 0.4350115740740739, 0.22031250000000005, 0.35101851851851856
1381000: 0.35101851851851856, 0.4233333333333335, 0.16175925925925924, 0.05777777777777777, 0.6510753485838782: 0.29020412854: 0.8203550095315904, 0.4350115740740739, 0.22031250000000005, 0.35101851851851856, 0.4233333333333335
1411000: 0.4233333333333335, 0.16175925925925924, 0.05777777777777777, 0.6510753485838782, 1.1726596677559913: 0.627170931373: 0.4350115740740739, 0.22031250000000005, 0.35101851851851856, 0.4233333333333335, 0.16175925925925924
1441000: 0.16175925925925924, 0.05777777777777777, 0.6510753485838782, 1.1726596677559913, 1.1565518349056203: 0.993428950415: 0.22031250000000005, 0.35101851851851856, 0.4233333333333335, 0.16175925925925924, 0.05777777777777777
1471000: 0.05777777777777777, 0.6510753485838782, 1.1726596677559913, 1.1565518349056203, 0.7708232512297453: 1.03334491796: 0.35101851851851856, 0.4233333333333335, 0.16175925925925924, 0.05777777777777777, 0.6510753485838782
1501000: 0.6510753485838782, 1.1726596677559913, 1.1565518349056203, 0.7708232512297453, 0.4939194174134501: 0.80709816785: 0.4233333333333335, 0.16175925925925924, 0.05777777777777777, 0.6510753485838782, 1.1726596677559913
1531000: 1.1726596677559913, 1.1565518349056203, 0.7708232512297453, 0.4939194174134501, 0.46776383442265795: 0.577502167689: 0.16175925925925924, 0.05777777777777777, 0.6510753485838782, 1.1726596677559913, 1.1565518349056203
1561000: 1.1565518349056203, 0.7708232512297453, 0.4939194174134501, 0.46776383442265795, 0.580070522875817: 0.513917924904: 0.05777777777777777, 0.6510753485838782, 1.1726596677559913, 1.1565518349056203, 0.7708232512297453
1591000: 0.7708232512297453, 0.4939194174134501, 0.46776383442265795, 0.580070522875817, 0.5322222222222224: 0.526685526507: 0.6510753485838782, 1.1726596677559913, 1.1565518349056203, 0.7708232512297453, 0.4939194174134501
1621000: 0.4939194174134501, 0.46776383442265795, 0.580070522875817, 0.5322222222222224, 0.7737037037037038: 0.628665482934: 1.1726596677559913, 1.1565518349056203, 0.7708232512297453, 0.4939194174134501, 0.46776383442265795
1651000: 0.46776383442265795, 0.580070522875817, 0.5322222222222224, 0.7737037037037038, 1.0657986111111104: 0.790574845679: 1.1565518349056203, 0.7708232512297453, 0.4939194174134501, 0.46776383442265795, 0.580070522875817
1681000: 0.580070522875817, 0.5322222222222224, 0.7737037037037038, 1.0657986111111104, 0.6574189814818022: 0.832307098766: 0.7708232512297453, 0.4939194174134501, 0.46776383442265795, 0.580070522875817, 0.5322222222222224
1711000: 0.5322222222222224, 0.7737037037037038, 1.0657986111111104, 0.6574189814818022, 0.7393055555569789: 0.820841049383: 0.4939194174134501, 0.46776383442265795, 0.580070522875817, 0.5322222222222224, 0.7737037037037038
1741000: 0.7737037037037038, 1.0657986111111104, 0.6574189814818022, 0.7393055555569789, 0.8462962962975118: 0.747673611112: 0.46776383442265795, 0.580070522875817, 0.5322222222222224, 0.7737037037037038, 1.0657986111111104
1771000: 1.0657986111111104, 0.6574189814818022, 0.7393055555569789, 0.8462962962975118, 0.7238888888890022: 0.769830246914: 0.580070522875817, 0.5322222222222224, 0.7737037037037038, 1.0657986111111104, 0.6574189814818022
1801000: 0.6574189814818022, 0.7393055555569789, 0.8462962962975118, 0.7238888888890022, 0.7574074074074076: 0.775864197531: 0.5322222222222224, 0.7737037037037038, 1.0657986111111104, 0.6574189814818022, 0.7393055555569789
1831000: 0.7393055555569789, 0.8462962962975118, 0.7238888888890022, 0.7574074074074076, 0.911620370370371: 0.797638888889: 0.7737037037037038, 1.0657986111111104, 0.6574189814818022, 0.7393055555569789, 0.8462962962975118
1861000: 0.8462962962975118, 0.7238888888890022, 0.7574074074074076, 0.911620370370371, 1.1300016557734205: 0.933009811184: 1.0657986111111104, 0.6574189814818022, 0.7393055555569789, 0.8462962962975118, 0.7238888888890022
1891000: 0.7238888888890022, 0.7574074074074076, 0.911620370370371, 1.1300016557734205, 1.0220554466230936: 1.02122582426: 0.6574189814818022, 0.7393055555569789, 0.8462962962975118, 0.7238888888890022, 0.7574074074074076
1921000: 0.7574074074074076, 0.911620370370371, 1.1300016557734205, 1.0220554466230936, 0.5139982352941175: 0.888685112564: 0.7393055555569789, 0.8462962962975118, 0.7238888888890022, 0.7574074074074076, 0.911620370370371
1951000: 0.911620370370371, 1.1300016557734205, 1.0220554466230936, 0.5139982352941175, 0.43828703703703703: 0.658113572985: 0.8462962962975118, 0.7238888888890022, 0.7574074074074076, 0.911620370370371, 1.1300016557734205
1981000: 1.1300016557734205, 1.0220554466230936, 0.5139982352941175, 0.43828703703703703, 0.7479629629629628: 0.566749411765: 0.7238888888890022, 0.7574074074074076, 0.911620370370371, 1.1300016557734205, 1.0220554466230936
2011000: 1.0220554466230936, 0.5139982352941175, 0.43828703703703703, 0.7479629629629628, 0.44546296296296284: 0.543904320988: 0.7574074074074076, 0.911620370370371, 1.1300016557734205, 1.0220554466230936, 0.5139982352941175
2041000: 0.5139982352941175, 0.43828703703703703, 0.7479629629629628, 0.44546296296296284, 0.21023148148148146: 0.467885802469: 0.911620370370371, 1.1300016557734205, 1.0220554466230936, 0.5139982352941175, 0.43828703703703703
2071000: 0.43828703703703703, 0.7479629629629628, 0.44546296296296284, 0.21023148148148146, 0.25972222222222213: 0.305138888889: 1.1300016557734205, 1.0220554466230936, 0.5139982352941175, 0.43828703703703703, 0.7479629629629628
2101000: 0.7479629629629628, 0.44546296296296284, 0.21023148148148146, 0.25972222222222213, 0.20865740740740743: 0.226203703704: 1.0220554466230936, 0.5139982352941175, 0.43828703703703703, 0.7479629629629628, 0.44546296296296284
2131000: 0.44546296296296284, 0.21023148148148146, 0.25972222222222213, 0.20865740740740743, 0.9199098910675384: 0.462763173566: 0.5139982352941175, 0.43828703703703703, 0.7479629629629628, 0.44546296296296284, 0.21023148148148146
2161000: 0.21023148148148146, 0.25972222222222213, 0.20865740740740743, 0.9199098910675384, 0.9136480664488018: 0.680738454975: 0.43828703703703703, 0.7479629629629628, 0.44546296296296284, 0.21023148148148146, 0.25972222222222213
2191000: 0.25972222222222213, 0.20865740740740743, 0.9199098910675384, 0.9136480664488018, 0.2730900272331342: 0.702215994916: 0.7479629629629628, 0.44546296296296284, 0.21023148148148146, 0.25972222222222213, 0.20865740740740743
2221000: 0.20865740740740743, 0.9199098910675384, 0.9136480664488018, 0.2730900272331342, 0.4703943464052692: 0.552377480029: 0.44546296296296284, 0.21023148148148146, 0.25972222222222213, 0.20865740740740743, 0.9199098910675384
2251000: 0.9199098910675384, 0.9136480664488018, 0.2730900272331342, 0.4703943464052692, 1.1642453159041606: 0.635909896514: 0.21023148148148146, 0.25972222222222213, 0.20865740740740743, 0.9199098910675384, 0.9136480664488018
2281000: 0.9136480664488018, 0.2730900272331342, 0.4703943464052692, 1.1642453159041606, 1.5180511437908495: 1.05089693537: 0.25972222222222213, 0.20865740740740743, 0.9199098910675384, 0.9136480664488018, 0.2730900272331342
2311000: 0.2730900272331342, 0.4703943464052692, 1.1642453159041606, 1.5180511437908495, 1.1392960784313724: 1.27386417938: 0.20865740740740743, 0.9199098910675384, 0.9136480664488018, 0.2730900272331342, 0.4703943464052692
2341000: 0.4703943464052692, 1.1642453159041606, 1.5180511437908495, 1.1392960784313724, 1.3035218300653593: 1.3202896841: 0.9199098910675384, 0.9136480664488018, 0.2730900272331342, 0.4703943464052692, 1.1642453159041606
2371000: 1.1642453159041606, 1.5180511437908495, 1.1392960784313724, 1.3035218300653593, 1.1475925925925925: 1.19680350036: 0.9136480664488018, 0.2730900272331342, 0.4703943464052692, 1.1642453159041606, 1.5180511437908495
2401000: 1.5180511437908495, 1.1392960784313724, 1.3035218300653593, 1.1475925925925925, 0.6983333333333334: 1.04981591866: 0.2730900272331342, 0.4703943464052692, 1.1642453159041606, 1.5180511437908495, 1.1392960784313724
2431000: 1.1392960784313724, 1.3035218300653593, 1.1475925925925925, 0.6983333333333334, 0.696111111111111: 0.847345679012: 0.4703943464052692, 1.1642453159041606, 1.5180511437908495, 1.1392960784313724, 1.3035218300653593
2461000: 1.3035218300653593, 1.1475925925925925, 0.6983333333333334, 0.696111111111111, 0.4897222222222222: 0.628055555556: 1.1642453159041606, 1.5180511437908495, 1.1392960784313724, 1.3035218300653593, 1.1475925925925925
2491000: 1.1475925925925925, 0.6983333333333334, 0.696111111111111, 0.4897222222222222, 0.42629629629629634: 0.53737654321: 1.5180511437908495, 1.1392960784313724, 1.3035218300653593, 1.1475925925925925, 0.6983333333333334
2521000: 0.6983333333333334, 0.696111111111111, 0.4897222222222222, 0.42629629629629634, 0.4801851851851852: 0.465401234568: 1.1392960784313724, 1.3035218300653593, 1.1475925925925925, 0.6983333333333334, 0.696111111111111
2551000: 0.696111111111111, 0.4897222222222222, 0.42629629629629634, 0.4801851851851852, 0.2653703703703703: 0.390617283951: 1.3035218300653593, 1.1475925925925925, 0.6983333333333334, 0.696111111111111, 0.4897222222222222
2581000: 0.4897222222222222, 0.42629629629629634, 0.4801851851851852, 0.2653703703703703, 0.5547216081154683: 0.433425721224: 1.1475925925925925, 0.6983333333333334, 0.696111111111111, 0.4897222222222222, 0.42629629629629634
2611000: 0.42629629629629634, 0.4801851851851852, 0.2653703703703703, 0.5547216081154683, 0.5828648284313726: 0.467652268972: 0.6983333333333334, 0.696111111111111, 0.4897222222222222, 0.42629629629629634, 0.4801851851851852
2641000: 0.4801851851851852, 0.2653703703703703, 0.5547216081154683, 0.5828648284313726, 0.3042188194444445: 0.480601751997: 0.696111111111111, 0.4897222222222222, 0.42629629629629634, 0.4801851851851852, 0.2653703703703703
2671000: 0.2653703703703703, 0.5547216081154683, 0.5828648284313726, 0.3042188194444445, 0.8502704575163396: 0.579118035131: 0.4897222222222222, 0.42629629629629634, 0.4801851851851852, 0.2653703703703703, 0.5547216081154683
2701000: 0.5547216081154683, 0.5828648284313726, 0.3042188194444445, 0.8502704575163396, 1.3003222222222217: 0.818270499728: 0.42629629629629634, 0.4801851851851852, 0.2653703703703703, 0.5547216081154683, 0.5828648284313726
2731000: 0.5828648284313726, 0.3042188194444445, 0.8502704575163396, 1.3003222222222217, 0.9207569934640525: 1.0237832244: 0.4801851851851852, 0.2653703703703703, 0.5547216081154683, 0.5828648284313726, 0.3042188194444445
2761000: 0.3042188194444445, 0.8502704575163396, 1.3003222222222217, 0.9207569934640525, 0.24444444444444446: 0.821841220044: 0.2653703703703703, 0.5547216081154683, 0.5828648284313726, 0.3042188194444445, 0.8502704575163396
2791000: 0.8502704575163396, 1.3003222222222217, 0.9207569934640525, 0.24444444444444446, 0.31675925925925935: 0.493986899056: 0.5547216081154683, 0.5828648284313726, 0.3042188194444445, 0.8502704575163396, 1.3003222222222217
2821000: 1.3003222222222217, 0.9207569934640525, 0.24444444444444446, 0.31675925925925935, 0.5472337962962963: 0.369479166667: 0.5828648284313726, 0.3042188194444445, 0.8502704575163396, 1.3003222222222217, 0.9207569934640525
2851000: 0.9207569934640525, 0.24444444444444446, 0.31675925925925935, 0.5472337962962963, 0.4734375000002156: 0.445810185185: 0.3042188194444445, 0.8502704575163396, 1.3003222222222217, 0.9207569934640525, 0.24444444444444446
2881000: 0.24444444444444446, 0.31675925925925935, 0.5472337962962963, 0.4734375000002156, 0.9151388888914763: 0.645270061729: 0.8502704575163396, 1.3003222222222217, 0.9207569934640525, 0.24444444444444446, 0.31675925925925935
2911000: 0.31675925925925935, 0.5472337962962963, 0.4734375000002156, 0.9151388888914763, 1.0548148148171856: 0.81446373457: 1.3003222222222217, 0.9207569934640525, 0.24444444444444446, 0.31675925925925935, 0.5472337962962963
2941000: 0.5472337962962963, 0.4734375000002156, 0.9151388888914763, 1.0548148148171856, 1.1507308986928106: 1.0402282008: 0.9207569934640525, 0.24444444444444446, 0.31675925925925935, 0.5472337962962963, 0.4734375000002156
2971000: 0.4734375000002156, 0.9151388888914763, 1.0548148148171856, 1.1507308986928106, 1.6481155909586047: 1.28455376816: 0.24444444444444446, 0.31675925925925935, 0.5472337962962963, 0.4734375000002156, 0.9151388888914763
3001000: 0.9151388888914763, 1.0548148148171856, 1.1507308986928106, 1.6481155909586047, 2.247506220043572: 1.6821175699: 0.31675925925925935, 0.5472337962962963, 0.4734375000002156, 0.9151388888914763, 1.0548148148171856
3031000: 1.0548148148171856, 1.1507308986928106, 1.6481155909586047, 2.247506220043572, 2.9806336805555564: 2.29208516385: 0.5472337962962963, 0.4734375000002156, 0.9151388888914763, 1.0548148148171856, 1.1507308986928106
3061000: 1.1507308986928106, 1.6481155909586047, 2.247506220043572, 2.9806336805555564, 2.2778472222222224: 2.50199570761: 0.4734375000002156, 0.9151388888914763, 1.0548148148171856, 1.1507308986928106, 1.6481155909586047
3091000: 1.6481155909586047, 2.247506220043572, 2.9806336805555564, 2.2778472222222224, 1.3175715672657946: 2.19201749001: 0.9151388888914763, 1.0548148148171856, 1.1507308986928106, 1.6481155909586047, 2.247506220043572
3121000: 2.247506220043572, 2.9806336805555564, 2.2778472222222224, 1.3175715672657946, 0.9864241013071897: 1.5272809636: 1.0548148148171856, 1.1507308986928106, 1.6481155909586047, 2.247506220043572, 2.9806336805555564
3151000: 2.9806336805555564, 2.2778472222222224, 1.3175715672657946, 0.9864241013071897, 0.6272408442265794: 0.9770788376: 1.1507308986928106, 1.6481155909586047, 2.247506220043572, 2.9806336805555564, 2.2778472222222224
3181000: 2.2778472222222224, 1.3175715672657946, 0.9864241013071897, 0.6272408442265794, 0.7523239745034113: 0.788662973346: 1.6481155909586047, 2.247506220043572, 2.9806336805555564, 2.2778472222222224, 1.3175715672657946
3211000: 1.3175715672657946, 0.9864241013071897, 0.6272408442265794, 0.7523239745034113, 0.6488367041835077: 0.676133840971: 2.247506220043572, 2.9806336805555564, 2.2778472222222224, 1.3175715672657946, 0.9864241013071897
3241000: 0.9864241013071897, 0.6272408442265794, 0.7523239745034113, 0.6488367041835077, 0.4102345542988333: 0.603798410995: 2.9806336805555564, 2.2778472222222224, 1.3175715672657946, 0.9864241013071897, 0.6272408442265794
3271000: 0.6272408442265794, 0.7523239745034113, 0.6488367041835077, 0.4102345542988333, 0.3281202614379085: 0.462397173307: 2.2778472222222224, 1.3175715672657946, 0.9864241013071897, 0.6272408442265794, 0.7523239745034113
3301000: 0.7523239745034113, 0.6488367041835077, 0.4102345542988333, 0.3281202614379085, 0.7071646405228758: 0.481839818753: 1.3175715672657946, 0.9864241013071897, 0.6272408442265794, 0.7523239745034113, 0.6488367041835077
3331000: 0.6488367041835077, 0.4102345542988333, 0.3281202614379085, 0.7071646405228758, 0.7877777777777776: 0.607687559913: 0.9864241013071897, 0.6272408442265794, 0.7523239745034113, 0.6488367041835077, 0.4102345542988333
3361000: 0.4102345542988333, 0.3281202614379085, 0.7071646405228758, 0.7877777777777776, 0.29796296296296293: 0.597635127088: 0.6272408442265794, 0.7523239745034113, 0.6488367041835077, 0.4102345542988333, 0.3281202614379085
3391000: 0.3281202614379085, 0.7071646405228758, 0.7877777777777776, 0.29796296296296293, 0.4562962962962963: 0.514012345679: 0.7523239745034113, 0.6488367041835077, 0.4102345542988333, 0.3281202614379085, 0.7071646405228758
3421000: 0.7071646405228758, 0.7877777777777776, 0.29796296296296293, 0.4562962962962963, 0.7538888888888887: 0.502716049383: 0.6488367041835077, 0.4102345542988333, 0.3281202614379085, 0.7071646405228758, 0.7877777777777776
3451000: 0.7877777777777776, 0.29796296296296293, 0.4562962962962963, 0.7538888888888887, 0.7959027777777777: 0.668695987654: 0.4102345542988333, 0.3281202614379085, 0.7071646405228758, 0.7877777777777776, 0.29796296296296293
3481000: 0.29796296296296293, 0.4562962962962963, 0.7538888888888887, 0.7959027777777777, 0.6699189814814814: 0.739903549383: 0.3281202614379085, 0.7071646405228758, 0.7877777777777776, 0.29796296296296293, 0.4562962962962963
3511000: 0.4562962962962963, 0.7538888888888887, 0.7959027777777777, 0.6699189814814814, 0.8345717592592592: 0.766797839506: 0.7071646405228758, 0.7877777777777776, 0.29796296296296293, 0.4562962962962963, 0.7538888888888887
3541000: 0.7538888888888887, 0.7959027777777777, 0.6699189814814814, 0.8345717592592592, 0.6428703703703705: 0.715787037037: 0.7877777777777776, 0.29796296296296293, 0.4562962962962963, 0.7538888888888887, 0.7959027777777777
3571000: 0.7959027777777777, 0.6699189814814814, 0.8345717592592592, 0.6428703703703705, 0.28361111111111115: 0.587017746914: 0.29796296296296293, 0.4562962962962963, 0.7538888888888887, 0.7959027777777777, 0.6699189814814814
3601000: 0.6699189814814814, 0.8345717592592592, 0.6428703703703705, 0.28361111111111115, 0.421111111111111: 0.449197530864: 0.4562962962962963, 0.7538888888888887, 0.7959027777777777, 0.6699189814814814, 0.8345717592592592
3631000: 0.8345717592592592, 0.6428703703703705, 0.28361111111111115, 0.421111111111111, 0.36199652777777774: 0.355572916667: 0.7538888888888887, 0.7959027777777777, 0.6699189814814814, 0.8345717592592592, 0.6428703703703705
3661000: 0.6428703703703705, 0.28361111111111115, 0.421111111111111, 0.36199652777777774, 0.8722395833333334: 0.551782407407: 0.7959027777777777, 0.6699189814814814, 0.8345717592592592, 0.6428703703703705, 0.28361111111111115
3691000: 0.28361111111111115, 0.421111111111111, 0.36199652777777774, 0.8722395833333334, 1.184505876906318: 0.806247329339: 0.6699189814814814, 0.8345717592592592, 0.6428703703703705, 0.28361111111111115, 0.421111111111111
3721000: 0.421111111111111, 0.36199652777777774, 0.8722395833333334, 1.184505876906318, 0.9352429193899783: 0.997329459877: 0.8345717592592592, 0.6428703703703705, 0.28361111111111115, 0.421111111111111, 0.36199652777777774
3751000: 0.36199652777777774, 0.8722395833333334, 1.184505876906318, 0.9352429193899783, 1.010725294117647: 1.04349136347: 0.6428703703703705, 0.28361111111111115, 0.421111111111111, 0.36199652777777774, 0.8722395833333334
3781000: 0.8722395833333334, 1.184505876906318, 0.9352429193899783, 1.010725294117647, 1.1466387799564268: 1.03086899782: 0.28361111111111115, 0.421111111111111, 0.36199652777777774, 0.8722395833333334, 1.184505876906318
3811000: 1.184505876906318, 0.9352429193899783, 1.010725294117647, 1.1466387799564268, 1.7204121023965138: 1.29259205882: 0.421111111111111, 0.36199652777777774, 0.8722395833333334, 1.184505876906318, 0.9352429193899783
3841000: 0.9352429193899783, 1.010725294117647, 1.1466387799564268, 1.7204121023965138, 1.6711111111111114: 1.51272066449: 0.36199652777777774, 0.8722395833333334, 1.184505876906318, 0.9352429193899783, 1.010725294117647
3871000: 1.010725294117647, 1.1466387799564268, 1.7204121023965138, 1.6711111111111114, 0.8399074074074075: 1.41047687364: 0.8722395833333334, 1.184505876906318, 0.9352429193899783, 1.010725294117647, 1.1466387799564268
3901000: 1.1466387799564268, 1.7204121023965138, 1.6711111111111114, 0.8399074074074075, 1.0366203703703705: 1.1825462963: 1.184505876906318, 0.9352429193899783, 1.010725294117647, 1.1466387799564268, 1.7204121023965138
3931000: 1.7204121023965138, 1.6711111111111114, 0.8399074074074075, 1.0366203703703705, 2.2349074074074067: 1.37047839506: 0.9352429193899783, 1.010725294117647, 1.1466387799564268, 1.7204121023965138, 1.6711111111111114
3961000: 1.6711111111111114, 0.8399074074074075, 1.0366203703703705, 2.2349074074074067, 2.091972984749455: 1.78783358751: 1.010725294117647, 1.1466387799564268, 1.7204121023965138, 1.6711111111111114, 0.8399074074074075
3991000: 0.8399074074074075, 1.0366203703703705, 2.2349074074074067, 2.091972984749455, 0.9135578431372552: 1.7468127451: 1.1466387799564268, 1.7204121023965138, 1.6711111111111114, 0.8399074074074075, 1.0366203703703705
4021000: 1.0366203703703705, 2.2349074074074067, 2.091972984749455, 0.9135578431372552, 0.464316339869281: 1.15661572259: 1.7204121023965138, 1.6711111111111114, 0.8399074074074075, 1.0366203703703705, 2.2349074074074067
4051000: 2.2349074074074067, 2.091972984749455, 0.9135578431372552, 0.464316339869281, 1.0592824074074074: 0.812385530138: 1.6711111111111114, 0.8399074074074075, 1.0366203703703705, 2.2349074074074067, 2.091972984749455
4081000: 2.091972984749455, 0.9135578431372552, 0.464316339869281, 1.0592824074074074, 1.9954142592592585: 1.17300433551: 0.8399074074074075, 1.0366203703703705, 2.2349074074074067, 2.091972984749455, 0.9135578431372552
4111000: 0.9135578431372552, 0.464316339869281, 1.0592824074074074, 1.9954142592592585, 1.9685670479302835: 1.6744212382: 1.0366203703703705, 2.2349074074074067, 2.091972984749455, 0.9135578431372552, 0.464316339869281
4141000: 0.464316339869281, 1.0592824074074074, 1.9954142592592585, 1.9685670479302835, 1.6808495479302825: 1.88161028504: 2.2349074074074067, 2.091972984749455, 0.9135578431372552, 0.464316339869281, 1.0592824074074074
4171000: 1.0592824074074074, 1.9954142592592585, 1.9685670479302835, 1.6808495479302825, 1.4389027009186925: 1.69610643226: 2.091972984749455, 0.9135578431372552, 0.464316339869281, 1.0592824074074074, 1.9954142592592585
4201000: 1.9954142592592585, 1.9685670479302835, 1.6808495479302825, 1.4389027009186925, 1.3246554904513888: 1.48146924643: 0.9135578431372552, 0.464316339869281, 1.0592824074074074, 1.9954142592592585, 1.9685670479302835
4231000: 1.9685670479302835, 1.6808495479302825, 1.4389027009186925, 1.3246554904513888, 1.0727782524956597: 1.27877881462: 0.464316339869281, 1.0592824074074074, 1.9954142592592585, 1.9685670479302835, 1.6808495479302825
4261000: 1.6808495479302825, 1.4389027009186925, 1.3246554904513888, 1.0727782524956597, 0.3842592592592593: 0.927231000735: 1.0592824074074074, 1.9954142592592585, 1.9685670479302835, 1.6808495479302825, 1.4389027009186925
4291000: 1.4389027009186925, 1.3246554904513888, 1.0727782524956597, 0.3842592592592593, 0.22506337331091275: 0.560700295022: 1.9954142592592585, 1.9685670479302835, 1.6808495479302825, 1.4389027009186925, 1.3246554904513888
4321000: 1.3246554904513888, 1.0727782524956597, 0.3842592592592593, 0.22506337331091275, 0.269383123334212: 0.292901918635: 1.9685670479302835, 1.6808495479302825, 1.4389027009186925, 1.3246554904513888, 1.0727782524956597
4351000: 1.0727782524956597, 0.3842592592592593, 0.22506337331091275, 0.269383123334212, 0.8681428905467549: 0.454196462397: 1.6808495479302825, 1.4389027009186925, 1.3246554904513888, 1.0727782524956597, 0.3842592592592593
4381000: 0.3842592592592593, 0.22506337331091275, 0.269383123334212, 0.8681428905467549, 1.4540375712284022: 0.86385452837: 1.4389027009186925, 1.3246554904513888, 1.0727782524956597, 0.3842592592592593, 0.22506337331091275
4411000: 0.22506337331091275, 0.269383123334212, 0.8681428905467549, 1.4540375712284022, 1.4060732419945272: 1.24275123459: 1.3246554904513888, 1.0727782524956597, 0.3842592592592593, 0.22506337331091275, 0.269383123334212
4441000: 0.269383123334212, 0.8681428905467549, 1.4540375712284022, 1.4060732419945272, 1.2367300174569666: 1.36561361023: 1.0727782524956597, 0.3842592592592593, 0.22506337331091275, 0.269383123334212, 0.8681428905467549
4471000: 0.8681428905467549, 1.4540375712284022, 1.4060732419945272, 1.2367300174569666, 0.9802078148503032: 1.2076703581: 0.3842592592592593, 0.22506337331091275, 0.269383123334212, 0.8681428905467549, 1.4540375712284022
4501000: 1.4540375712284022, 1.4060732419945272, 1.2367300174569666, 0.9802078148503032, 0.5393678077131565: 0.918768546673: 0.22506337331091275, 0.269383123334212, 0.8681428905467549, 1.4540375712284022, 1.4060732419945272
4531000: 1.4060732419945272, 1.2367300174569666, 0.9802078148503032, 0.5393678077131565, 0.2995418961453096: 0.606372506236: 0.269383123334212, 0.8681428905467549, 1.4540375712284022, 1.4060732419945272, 1.2367300174569666
4561000: 1.2367300174569666, 0.9802078148503032, 0.5393678077131565, 0.2995418961453096, 1.0478456700580228: 0.628918457972: 0.8681428905467549, 1.4540375712284022, 1.4060732419945272, 1.2367300174569666, 0.9802078148503032
4591000: 0.9802078148503032, 0.5393678077131565, 0.2995418961453096, 1.0478456700580228, 1.5318653280033394: 0.959750964736: 1.4540375712284022, 1.4060732419945272, 1.2367300174569666, 0.9802078148503032, 0.5393678077131565
4621000: 0.5393678077131565, 0.2995418961453096, 1.0478456700580228, 1.5318653280033394, 1.3349342711823917: 1.30488175641: 1.4060732419945272, 1.2367300174569666, 0.9802078148503032, 0.5393678077131565, 0.2995418961453096
4651000: 0.2995418961453096, 1.0478456700580228, 1.5318653280033394, 1.3349342711823917, 1.1373761383442265: 1.33472524584: 1.2367300174569666, 0.9802078148503032, 0.5393678077131565, 0.2995418961453096, 1.0478456700580228
4681000: 1.0478456700580228, 1.5318653280033394, 1.3349342711823917, 1.1373761383442265, 1.7473561002178648: 1.40655550325: 0.9802078148503032, 0.5393678077131565, 0.2995418961453096, 1.0478456700580228, 1.5318653280033394
4711000: 1.5318653280033394, 1.3349342711823917, 1.1373761383442265, 1.7473561002178648, 2.3746044172113288: 1.75311221859: 0.5393678077131565, 0.2995418961453096, 1.0478456700580228, 1.5318653280033394, 1.3349342711823917
4741000: 1.3349342711823917, 1.1373761383442265, 1.7473561002178648, 2.3746044172113288, 1.5915125925925928: 1.90449103667: 0.2995418961453096, 1.0478456700580228, 1.5318653280033394, 1.3349342711823917, 1.1373761383442265
4771000: 1.1373761383442265, 1.7473561002178648, 2.3746044172113288, 1.5915125925925928, 0.7819185130718953: 1.58267850763: 1.0478456700580228, 1.5318653280033394, 1.3349342711823917, 1.1373761383442265, 1.7473561002178648
4801000: 1.7473561002178648, 2.3746044172113288, 1.5915125925925928, 0.7819185130718953, 0.9209034885620916: 1.09811153141: 1.5318653280033394, 1.3349342711823917, 1.1373761383442265, 1.7473561002178648, 2.3746044172113288
4831000: 2.3746044172113288, 1.5915125925925928, 0.7819185130718953, 0.9209034885620916, 2.214598992374728: 1.305806998: 1.3349342711823917, 1.1373761383442265, 1.7473561002178648, 2.3746044172113288, 1.5915125925925928
4861000: 1.5915125925925928, 0.7819185130718953, 0.9209034885620916, 2.214598992374728, 2.8787484613289758: 2.00475031409: 1.1373761383442265, 1.7473561002178648, 2.3746044172113288, 1.5915125925925928, 0.7819185130718953
4891000: 0.7819185130718953, 0.9209034885620916, 2.214598992374728, 2.8787484613289758, 1.6206223583877997: 2.23798993736: 1.7473561002178648, 2.3746044172113288, 1.5915125925925928, 0.7819185130718953, 0.9209034885620916
4921000: 0.9209034885620916, 2.214598992374728, 2.8787484613289758, 1.6206223583877997, 0.4419736383442268: 1.64711481935: 2.3746044172113288, 1.5915125925925928, 0.7819185130718953, 0.9209034885620916, 2.214598992374728
4951000: 2.214598992374728, 2.8787484613289758, 1.6206223583877997, 0.4419736383442268, 0.5696991013071896: 0.877431699346: 1.5915125925925928, 0.7819185130718953, 0.9209034885620916, 2.214598992374728, 2.8787484613289758
4981000: 2.8787484613289758, 1.6206223583877997, 0.4419736383442268, 0.5696991013071896, 1.5073003649237473: 0.839657701525: 0.7819185130718953, 0.9209034885620916, 2.214598992374728, 2.8787484613289758, 1.6206223583877997
5011000: 1.6206223583877997, 0.4419736383442268, 0.5696991013071896, 1.5073003649237473, 1.2462366013071893: 1.10774535585: 0.9209034885620916, 2.214598992374728, 2.8787484613289758, 1.6206223583877997, 0.4419736383442268
5041000: 0.4419736383442268, 0.5696991013071896, 1.5073003649237473, 1.2462366013071893, 0.8017603376906316: 1.18509910131: 2.214598992374728, 2.8787484613289758, 1.6206223583877997, 0.4419736383442268, 0.5696991013071896
5071000: 0.5696991013071896, 1.5073003649237473, 1.2462366013071893, 0.8017603376906316, 2.1381944444444447: 1.39539712781: 2.8787484613289758, 1.6206223583877997, 0.4419736383442268, 0.5696991013071896, 1.5073003649237473
5101000: 1.5073003649237473, 1.2462366013071893, 0.8017603376906316, 2.1381944444444447, 2.0446064814814813: 1.66152042121: 1.6206223583877997, 0.4419736383442268, 0.5696991013071896, 1.5073003649237473, 1.2462366013071893
5131000: 1.2462366013071893, 0.8017603376906316, 2.1381944444444447, 2.0446064814814813, 0.5720833333333333: 1.58496141975: 0.4419736383442268, 0.5696991013071896, 1.5073003649237473, 1.2462366013071893, 0.8017603376906316
5161000: 0.8017603376906316, 2.1381944444444447, 2.0446064814814813, 0.5720833333333333, 0.4129166666666666: 1.00986882716: 0.5696991013071896, 1.5073003649237473, 1.2462366013071893, 0.8017603376906316, 2.1381944444444447
5191000: 2.1381944444444447, 2.0446064814814813, 0.5720833333333333, 0.4129166666666666, 1.1320617429193898: 0.70568724764: 1.5073003649237473, 1.2462366013071893, 0.8017603376906316, 2.1381944444444447, 2.0446064814814813
5221000: 2.0446064814814813, 0.5720833333333333, 0.4129166666666666, 1.1320617429193898, 1.4298167755991282: 0.991598395062: 1.2462366013071893, 0.8017603376906316, 2.1381944444444447, 2.0446064814814813, 0.5720833333333333
5251000: 0.5720833333333333, 0.4129166666666666, 1.1320617429193898, 1.4298167755991282, 0.9124239869281046: 1.15810083515: 0.8017603376906316, 2.1381944444444447, 2.0446064814814813, 0.5720833333333333, 0.4129166666666666
5281000: 0.4129166666666666, 1.1320617429193898, 1.4298167755991282, 0.9124239869281046, 0.6232128540305009: 0.988484538853: 2.1381944444444447, 2.0446064814814813, 0.5720833333333333, 0.4129166666666666, 1.1320617429193898
5311000: 1.1320617429193898, 1.4298167755991282, 0.9124239869281046, 0.6232128540305009, 1.0727105664488017: 0.869449135802: 2.0446064814814813, 0.5720833333333333, 0.4129166666666666, 1.1320617429193898, 1.4298167755991282
5341000: 1.4298167755991282, 0.9124239869281046, 0.6232128540305009, 1.0727105664488017, 1.6857407407407405: 1.12722138707: 0.5720833333333333, 0.4129166666666666, 1.1320617429193898, 1.4298167755991282, 0.9124239869281046
5371000: 0.9124239869281046, 0.6232128540305009, 1.0727105664488017, 1.6857407407407405, 1.3068518518518522: 1.35510105301: 0.4129166666666666, 1.1320617429193898, 1.4298167755991282, 0.9124239869281046, 0.6232128540305009
5401000: 0.6232128540305009, 1.0727105664488017, 1.6857407407407405, 1.3068518518518522, 0.6453703703703701: 1.21265432099: 1.1320617429193898, 1.4298167755991282, 0.9124239869281046, 0.6232128540305009, 1.0727105664488017
5431000: 1.0727105664488017, 1.6857407407407405, 1.3068518518518522, 0.6453703703703701, 1.4681481481481478: 1.14012345679: 1.4298167755991282, 0.9124239869281046, 0.6232128540305009, 1.0727105664488017, 1.6857407407407405
5461000: 1.6857407407407405, 1.3068518518518522, 0.6453703703703701, 1.4681481481481478, 2.0605555555555557: 1.39135802469: 0.9124239869281046, 0.6232128540305009, 1.0727105664488017, 1.6857407407407405, 1.3068518518518522
5491000: 1.3068518518518522, 0.6453703703703701, 1.4681481481481478, 2.0605555555555557, 1.0246296296296298: 1.51777777778: 0.6232128540305009, 1.0727105664488017, 1.6857407407407405, 1.3068518518518522, 0.6453703703703701
5521000: 0.6453703703703701, 1.4681481481481478, 2.0605555555555557, 1.0246296296296298, 0.6442592592592593: 1.24314814815: 1.0727105664488017, 1.6857407407407405, 1.3068518518518522, 0.6453703703703701, 1.4681481481481478
5551000: 1.4681481481481478, 2.0605555555555557, 1.0246296296296298, 0.6442592592592593, 0.7021296296296299: 0.790339506173: 1.6857407407407405, 1.3068518518518522, 0.6453703703703701, 1.4681481481481478, 2.0605555555555557
5581000: 2.0605555555555557, 1.0246296296296298, 0.6442592592592593, 0.7021296296296299, 0.9592592592592588: 0.768549382716: 1.3068518518518522, 0.6453703703703701, 1.4681481481481478, 2.0605555555555557, 1.0246296296296298
5611000: 1.0246296296296298, 0.6442592592592593, 0.7021296296296299, 0.9592592592592588, 1.1271315359477125: 0.929506808279: 0.6453703703703701, 1.4681481481481478, 2.0605555555555557, 1.0246296296296298, 0.6442592592592593
5641000: 0.6442592592592593, 0.7021296296296299, 0.9592592592592588, 1.1271315359477125, 0.7035971677559912: 0.929995987654: 1.4681481481481478, 2.0605555555555557, 1.0246296296296298, 0.6442592592592593, 0.7021296296296299
5671000: 0.7021296296296299, 0.9592592592592588, 1.1271315359477125, 0.7035971677559912, 1.2168177450980393: 1.01584881627: 2.0605555555555557, 1.0246296296296298, 0.6442592592592593, 0.7021296296296299, 0.9592592592592588
5701000: 0.9592592592592588, 1.1271315359477125, 0.7035971677559912, 1.2168177450980393, 1.3246803921568633: 1.081698435: 1.0246296296296298, 0.6442592592592593, 0.7021296296296299, 0.9592592592592588, 1.1271315359477125
5731000: 1.1271315359477125, 0.7035971677559912, 1.2168177450980393, 1.3246803921568633, 0.5365505010893247: 1.02601621278: 0.6442592592592593, 0.7021296296296299, 0.9592592592592588, 1.1271315359477125, 0.7035971677559912
5761000: 0.7035971677559912, 1.2168177450980393, 1.3246803921568633, 0.5365505010893247, 0.1646677559912853: 0.675299549746: 0.7021296296296299, 0.9592592592592588, 1.1271315359477125, 0.7035971677559912, 1.2168177450980393
5791000: 1.2168177450980393, 1.3246803921568633, 0.5365505010893247, 0.1646677559912853, 0.5212994151979823: 0.40750589076: 0.9592592592592588, 1.1271315359477125, 0.7035971677559912, 1.2168177450980393, 1.3246803921568633
5821000: 1.3246803921568633, 0.5365505010893247, 0.1646677559912853, 0.5212994151979823, 0.9020883564709823: 0.529351842553: 1.1271315359477125, 0.7035971677559912, 1.2168177450980393, 1.3246803921568633, 0.5365505010893247
5851000: 0.5365505010893247, 0.1646677559912853, 0.5212994151979823, 0.9020883564709823, 0.42175299356058155: 0.615046921743: 0.7035971677559912, 1.2168177450980393, 1.3246803921568633, 0.5365505010893247, 0.1646677559912853
5881000: 0.1646677559912853, 0.5212994151979823, 0.9020883564709823, 0.42175299356058155, 0.22639350422750912: 0.51674495142: 1.2168177450980393, 1.3246803921568633, 0.5365505010893247, 0.1646677559912853, 0.5212994151979823
5911000: 0.5212994151979823, 0.9020883564709823, 0.42175299356058155, 0.22639350422750912, 0.9122207773645262: 0.520122425051: 1.3246803921568633, 0.5365505010893247, 0.1646677559912853, 0.5212994151979823, 0.9020883564709823
5941000: 0.9020883564709823, 0.42175299356058155, 0.22639350422750912, 0.9122207773645262, 1.3266666121335056: 0.821760297909: 0.5365505010893247, 0.1646677559912853, 0.5212994151979823, 0.9020883564709823, 0.42175299356058155
5971000: 0.42175299356058155, 0.22639350422750912, 0.9122207773645262, 1.3266666121335056, 0.8123329927646322: 1.01707346075: 0.1646677559912853, 0.5212994151979823, 0.9020883564709823, 0.42175299356058155, 0.22639350422750912
6001000: 0.22639350422750912, 0.9122207773645262, 1.3266666121335056, 0.8123329927646322, 0.9225280631553588: 1.02050922268: 0.5212994151979823, 0.9020883564709823, 0.42175299356058155, 0.22639350422750912, 0.9122207773645262
6031000: 0.9122207773645262, 1.3266666121335056, 0.8123329927646322, 0.9225280631553588, 2.357125272431619: 1.36399544278: 0.9020883564709823, 0.42175299356058155, 0.22639350422750912, 0.9122207773645262, 1.3266666121335056
6061000: 1.3266666121335056, 0.8123329927646322, 0.9225280631553588, 2.357125272431619, 3.566888195894835: 2.28218051049: 0.42175299356058155, 0.22639350422750912, 0.9122207773645262, 1.3266666121335056, 0.8123329927646322
6091000: 0.8123329927646322, 0.9225280631553588, 2.357125272431619, 3.566888195894835, 2.8882739993262367: 2.93742915588: 0.22639350422750912, 0.9122207773645262, 1.3266666121335056, 0.8123329927646322, 0.9225280631553588
6121000: 0.9225280631553588, 2.357125272431619, 3.566888195894835, 2.8882739993262367, 1.5440467318352833: 2.66640297569: 0.9122207773645262, 1.3266666121335056, 0.8123329927646322, 0.9225280631553588, 2.357125272431619
6151000: 2.357125272431619, 3.566888195894835, 2.8882739993262367, 1.5440467318352833, 1.0661847494553376: 1.83283516021: 1.3266666121335056, 0.8123329927646322, 0.9225280631553588, 2.357125272431619, 3.566888195894835
6181000: 3.566888195894835, 2.8882739993262367, 1.5440467318352833, 1.0661847494553376, 0.8996146840958605: 1.1699487218: 0.8123329927646322, 0.9225280631553588, 2.357125272431619, 3.566888195894835, 2.8882739993262367
6211000: 2.8882739993262367, 1.5440467318352833, 1.0661847494553376, 0.8996146840958605, 1.4081963643790851: 1.12466526598: 0.9225280631553588, 2.357125272431619, 3.566888195894835, 2.8882739993262367, 1.5440467318352833
6241000: 1.5440467318352833, 1.0661847494553376, 0.8996146840958605, 1.4081963643790851, 1.8863516230936823: 1.39805422386: 2.357125272431619, 3.566888195894835, 2.8882739993262367, 1.5440467318352833, 1.0661847494553376
6271000: 1.0661847494553376, 0.8996146840958605, 1.4081963643790851, 1.8863516230936823, 1.7731577205882358: 1.68923523602: 3.566888195894835, 2.8882739993262367, 1.5440467318352833, 1.0661847494553376, 0.8996146840958605
6301000: 0.8996146840958605, 1.4081963643790851, 1.8863516230936823, 1.7731577205882358, 1.1334962527233114: 1.59766853214: 2.8882739993262367, 1.5440467318352833, 1.0661847494553376, 0.8996146840958605, 1.4081963643790851
6331000: 1.4081963643790851, 1.8863516230936823, 1.7731577205882358, 1.1334962527233114, 1.0245167388344223: 1.31039023738: 1.5440467318352833, 1.0661847494553376, 0.8996146840958605, 1.4081963643790851, 1.8863516230936823
6361000: 1.8863516230936823, 1.7731577205882358, 1.1334962527233114, 1.0245167388344223, 1.0108575144006375: 1.05629016865: 1.0661847494553376, 0.8996146840958605, 1.4081963643790851, 1.8863516230936823, 1.7731577205882358
6391000: 1.7731577205882358, 1.1334962527233114, 1.0245167388344223, 1.0108575144006375, 0.4651300980398929: 0.833501450425: 0.8996146840958605, 1.4081963643790851, 1.8863516230936823, 1.7731577205882358, 1.1334962527233114
6421000: 1.1334962527233114, 1.0245167388344223, 1.0108575144006375, 0.4651300980398929, 0.4648321442918463: 0.646939918911: 1.4081963643790851, 1.8863516230936823, 1.7731577205882358, 1.1334962527233114, 1.0245167388344223
6451000: 1.0245167388344223, 1.0108575144006375, 0.4651300980398929, 0.4648321442918463, 0.9722607869751375: 0.634074343102: 1.8863516230936823, 1.7731577205882358, 1.1334962527233114, 1.0245167388344223, 1.0108575144006375
6481000: 1.0108575144006375, 0.4651300980398929, 0.4648321442918463, 0.9722607869751375, 1.1548564406200872: 0.863983123962: 1.7731577205882358, 1.1334962527233114, 1.0245167388344223, 1.0108575144006375, 0.4651300980398929
6511000: 0.4651300980398929, 0.4648321442918463, 0.9722607869751375, 1.1548564406200872, 0.81015136226615: 0.979089529954: 1.1334962527233114, 1.0245167388344223, 1.0108575144006375, 0.4651300980398929, 0.4648321442918463
6541000: 0.4648321442918463, 0.9722607869751375, 1.1548564406200872, 0.81015136226615, 1.8362023698241103: 1.26707005757: 1.0245167388344223, 1.0108575144006375, 0.4651300980398929, 0.4648321442918463, 0.9722607869751375
6571000: 0.9722607869751375, 1.1548564406200872, 0.81015136226615, 1.8362023698241103, 2.9809035305330975: 1.87575242087: 1.0108575144006375, 0.4651300980398929, 0.4648321442918463, 0.9722607869751375, 1.1548564406200872
6601000: 1.1548564406200872, 0.81015136226615, 1.8362023698241103, 2.9809035305330975, 2.299087981790349: 2.37206462738: 0.4651300980398929, 0.4648321442918463, 0.9722607869751375, 1.1548564406200872, 0.81015136226615
6631000: 0.81015136226615, 1.8362023698241103, 2.9809035305330975, 2.299087981790349, 1.5894082700755205: 2.28979992747: 0.4648321442918463, 0.9722607869751375, 1.1548564406200872, 0.81015136226615, 1.8362023698241103
6661000: 1.8362023698241103, 2.9809035305330975, 2.299087981790349, 1.5894082700755205, 1.2387675177117294: 1.70908792319: 0.9722607869751375, 1.1548564406200872, 0.81015136226615, 1.8362023698241103, 2.9809035305330975
6691000: 2.9809035305330975, 2.299087981790349, 1.5894082700755205, 1.2387675177117294, 1.0202127480418117: 1.28279617861: 1.1548564406200872, 0.81015136226615, 1.8362023698241103, 2.9809035305330975, 2.299087981790349
6721000: 2.299087981790349, 1.5894082700755205, 1.2387675177117294, 1.0202127480418117, 1.3143206355704886: 1.19110030044: 0.81015136226615, 1.8362023698241103, 2.9809035305330975, 2.299087981790349, 1.5894082700755205
6751000: 1.5894082700755205, 1.2387675177117294, 1.0202127480418117, 1.3143206355704886, 1.189768857319348: 1.17476741364: 1.8362023698241103, 2.9809035305330975, 2.299087981790349, 1.5894082700755205, 1.2387675177117294
6781000: 1.2387675177117294, 1.0202127480418117, 1.3143206355704886, 1.189768857319348, 1.2443558108048138: 1.2494817679: 2.9809035305330975, 2.299087981790349, 1.5894082700755205, 1.2387675177117294, 1.0202127480418117
6811000: 1.0202127480418117, 1.3143206355704886, 1.189768857319348, 1.2443558108048138, 1.6288337939121142: 1.35431948735: 2.299087981790349, 1.5894082700755205, 1.2387675177117294, 1.0202127480418117, 1.3143206355704886
6841000: 1.3143206355704886, 1.189768857319348, 1.2443558108048138, 1.6288337939121142, 1.4912814898118139: 1.45482369818: 1.5894082700755205, 1.2387675177117294, 1.0202127480418117, 1.3143206355704886, 1.189768857319348
6871000: 1.189768857319348, 1.2443558108048138, 1.6288337939121142, 1.4912814898118139, 1.5165718960130397: 1.54556239325: 1.2387675177117294, 1.0202127480418117, 1.3143206355704886, 1.189768857319348, 1.2443558108048138
6901000: 1.2443558108048138, 1.6288337939121142, 1.4912814898118139, 1.5165718960130397, 2.074007941890542: 1.69395377591: 1.0202127480418117, 1.3143206355704886, 1.189768857319348, 1.2443558108048138, 1.6288337939121142
6931000: 1.6288337939121142, 1.4912814898118139, 1.5165718960130397, 2.074007941890542, 1.4892129629629627: 1.69326426696: 1.3143206355704886, 1.189768857319348, 1.2443558108048138, 1.6288337939121142, 1.4912814898118139
6961000: 1.4912814898118139, 1.5165718960130397, 2.074007941890542, 1.4892129629629627, 0.4253703703703702: 1.32953042507: 1.189768857319348, 1.2443558108048138, 1.6288337939121142, 1.4912814898118139, 1.5165718960130397
6991000: 1.5165718960130397, 2.074007941890542, 1.4892129629629627, 0.4253703703703702, 1.2339195860566448: 1.04950097313: 1.2443558108048138, 1.6288337939121142, 1.4912814898118139, 1.5165718960130397, 2.074007941890542
7021000: 2.074007941890542, 1.4892129629629627, 0.4253703703703702, 1.2339195860566448, 1.5143379084967314: 1.05787595497: 1.6288337939121142, 1.4912814898118139, 1.5165718960130397, 2.074007941890542, 1.4892129629629627
7051000: 1.4892129629629627, 0.4253703703703702, 1.2339195860566448, 1.5143379084967314, 0.9708437690631808: 1.23970042121: 1.4912814898118139, 1.5165718960130397, 2.074007941890542, 1.4892129629629627, 0.4253703703703702
7081000: 0.4253703703703702, 1.2339195860566448, 1.5143379084967314, 0.9708437690631808, 0.9541477124183007: 1.14644312999: 1.5165718960130397, 2.074007941890542, 1.4892129629629627, 0.4253703703703702, 1.2339195860566448
7111000: 1.2339195860566448, 1.5143379084967314, 0.9708437690631808, 0.9541477124183007, 1.1755741176470589: 1.03352186638: 2.074007941890542, 1.4892129629629627, 0.4253703703703702, 1.2339195860566448, 1.5143379084967314
7141000: 1.5143379084967314, 0.9708437690631808, 0.9541477124183007, 1.1755741176470589, 1.5445370370370373: 1.2247529557: 1.4892129629629627, 0.4253703703703702, 1.2339195860566448, 1.5143379084967314, 0.9708437690631808
7171000: 0.9708437690631808, 0.9541477124183007, 1.1755741176470589, 1.5445370370370373, 1.0595866156503368: 1.25989925678: 0.4253703703703702, 1.2339195860566448, 1.5143379084967314, 0.9708437690631808, 0.9541477124183007
7201000: 0.9541477124183007, 1.1755741176470589, 1.5445370370370373, 1.0595866156503368, 0.7659885689913056: 1.12337074056: 1.2339195860566448, 1.5143379084967314, 0.9708437690631808, 0.9541477124183007, 1.1755741176470589
7231000: 1.1755741176470589, 1.5445370370370373, 1.0595866156503368, 0.7659885689913056, 1.4347508422298576: 1.08677534229: 1.5143379084967314, 0.9708437690631808, 0.9541477124183007, 1.1755741176470589, 1.5445370370370373
7261000: 1.5445370370370373, 1.0595866156503368, 0.7659885689913056, 1.4347508422298576, 1.5333836492374722: 1.24470768682: 0.9708437690631808, 0.9541477124183007, 1.1755741176470589, 1.5445370370370373, 1.0595866156503368
7291000: 1.0595866156503368, 0.7659885689913056, 1.4347508422298576, 1.5333836492374722, 0.865513360566449: 1.27788261734: 0.9541477124183007, 1.1755741176470589, 1.5445370370370373, 1.0595866156503368, 0.7659885689913056
7321000: 0.7659885689913056, 1.4347508422298576, 1.5333836492374722, 0.865513360566449, 0.8143232608708734: 1.07107342356: 1.1755741176470589, 1.5445370370370373, 1.0595866156503368, 0.7659885689913056, 1.4347508422298576
7351000: 1.4347508422298576, 1.5333836492374722, 0.865513360566449, 0.8143232608708734, 0.9213637888873066: 0.867066803442: 1.5445370370370373, 1.0595866156503368, 0.7659885689913056, 1.4347508422298576, 1.5333836492374722
7381000: 1.5333836492374722, 0.865513360566449, 0.8143232608708734, 0.9213637888873066, 0.8305746837898538: 0.855420577849: 1.0595866156503368, 0.7659885689913056, 1.4347508422298576, 1.5333836492374722, 0.865513360566449
7411000: 0.865513360566449, 0.8143232608708734, 0.9213637888873066, 0.8305746837898538, 1.7767592592592594: 1.17623257731: 0.7659885689913056, 1.4347508422298576, 1.5333836492374722, 0.865513360566449, 0.8143232608708734
7441000: 0.8143232608708734, 0.9213637888873066, 0.8305746837898538, 1.7767592592592594, 1.9675925925925928: 1.52497551188: 1.4347508422298576, 1.5333836492374722, 0.865513360566449, 0.8143232608708734, 0.9213637888873066
7471000: 0.9213637888873066, 0.8305746837898538, 1.7767592592592594, 1.9675925925925928, 1.0028802473052865: 1.58241069972: 1.5333836492374722, 0.865513360566449, 0.8143232608708734, 0.9213637888873066, 0.8305746837898538
7501000: 0.8305746837898538, 1.7767592592592594, 1.9675925925925928, 1.0028802473052865, 1.5079875303835488: 1.49282012343: 0.865513360566449, 0.8143232608708734, 0.9213637888873066, 0.8305746837898538, 1.7767592592592594
7531000: 1.7767592592592594, 1.9675925925925928, 1.0028802473052865, 1.5079875303835488, 1.6271334838508051: 1.37933375385: 0.8143232608708734, 0.9213637888873066, 0.8305746837898538, 1.7767592592592594, 1.9675925925925928
7561000: 1.9675925925925928, 1.0028802473052865, 1.5079875303835488, 1.6271334838508051, 0.7404227751575686: 1.2918479298: 0.9213637888873066, 0.8305746837898538, 1.7767592592592594, 1.9675925925925928, 1.0028802473052865
7591000: 1.0028802473052865, 1.5079875303835488, 1.6271334838508051, 0.7404227751575686, 0.7873780558665069: 1.05164477162: 0.8305746837898538, 1.7767592592592594, 1.9675925925925928, 1.0028802473052865, 1.5079875303835488
7621000: 1.5079875303835488, 1.6271334838508051, 0.7404227751575686, 0.7873780558665069, 0.7173148148148148: 0.748371881946: 1.7767592592592594, 1.9675925925925928, 1.0028802473052865, 1.5079875303835488, 1.6271334838508051
7651000: 1.6271334838508051, 0.7404227751575686, 0.7873780558665069, 0.7173148148148148, 0.3697685185185184: 0.624820463067: 1.9675925925925928, 1.0028802473052865, 1.5079875303835488, 1.6271334838508051, 0.7404227751575686
7681000: 0.7404227751575686, 0.7873780558665069, 0.7173148148148148, 0.3697685185185184, 0.2841666666666667: 0.457083333333: 1.0028802473052865, 1.5079875303835488, 1.6271334838508051, 0.7404227751575686, 0.7873780558665069
7711000: 0.7873780558665069, 0.7173148148148148, 0.3697685185185184, 0.2841666666666667, 1.430532407407407: 0.694822530864: 1.5079875303835488, 1.6271334838508051, 0.7404227751575686, 0.7873780558665069, 0.7173148148148148
7741000: 0.7173148148148148, 0.3697685185185184, 0.2841666666666667, 1.430532407407407, 2.6486755664488006: 1.45445821351: 1.6271334838508051, 0.7404227751575686, 0.7873780558665069, 0.7173148148148148, 0.3697685185185184
7771000: 0.3697685185185184, 0.2841666666666667, 1.430532407407407, 2.6486755664488006, 1.6872358932461864: 1.9221479557: 0.7404227751575686, 0.7873780558665069, 0.7173148148148148, 0.3697685185185184, 0.2841666666666667
7801000: 0.2841666666666667, 1.430532407407407, 2.6486755664488006, 1.6872358932461864, 0.5501112527233115: 1.62867423747: 0.7873780558665069, 0.7173148148148148, 0.3697685185185184, 0.2841666666666667, 1.430532407407407
7831000: 1.430532407407407, 2.6486755664488006, 1.6872358932461864, 0.5501112527233115, 0.6178513616557734: 0.951732835875: 0.7173148148148148, 0.3697685185185184, 0.2841666666666667, 1.430532407407407, 2.6486755664488006
7861000: 2.6486755664488006, 1.6872358932461864, 0.5501112527233115, 0.6178513616557734, 0.9257473638344222: 0.697903326071: 0.3697685185185184, 0.2841666666666667, 1.430532407407407, 2.6486755664488006, 1.6872358932461864
7891000: 1.6872358932461864, 0.5501112527233115, 0.6178513616557734, 0.9257473638344222, 1.4665267320261437: 1.00337515251: 0.2841666666666667, 1.430532407407407, 2.6486755664488006, 1.6872358932461864, 0.5501112527233115
7921000: 0.5501112527233115, 0.6178513616557734, 0.9257473638344222, 1.4665267320261437, 1.6129995860566453: 1.33509122731: 1.430532407407407, 2.6486755664488006, 1.6872358932461864, 0.5501112527233115, 0.6178513616557734
7951000: 0.6178513616557734, 0.9257473638344222, 1.4665267320261437, 1.6129995860566453, 1.0275633006535947: 1.36902987291: 2.6486755664488006, 1.6872358932461864, 0.5501112527233115, 0.6178513616557734, 0.9257473638344222
7981000: 0.9257473638344222, 1.4665267320261437, 1.6129995860566453, 1.0275633006535947, 1.2517592592592592: 1.29744071532: 1.6872358932461864, 0.5501112527233115, 0.6178513616557734, 0.9257473638344222, 1.4665267320261437
8011000: 1.4665267320261437, 1.6129995860566453, 1.0275633006535947, 1.2517592592592592, 1.0775623332063506: 1.11896163104: 0.5501112527233115, 0.6178513616557734, 0.9257473638344222, 1.4665267320261437, 1.6129995860566453
8041000: 1.6129995860566453, 1.0275633006535947, 1.2517592592592592, 1.0775623332063506, 0.8823872853425464: 1.07056962594: 0.6178513616557734, 0.9257473638344222, 1.4665267320261437, 1.6129995860566453, 1.0275633006535947
8071000: 1.0275633006535947, 1.2517592592592592, 1.0775623332063506, 0.8823872853425464, 0.7692693965806405: 0.90973967171: 0.9257473638344222, 1.4665267320261437, 1.6129995860566453, 1.0275633006535947, 1.2517592592592592
8101000: 1.2517592592592592, 1.0775623332063506, 0.8823872853425464, 0.7692693965806405, 0.15953703703703698: 0.603731239653: 1.4665267320261437, 1.6129995860566453, 1.0275633006535947, 1.2517592592592592, 1.0775623332063506
8131000: 1.0775623332063506, 0.8823872853425464, 0.7692693965806405, 0.15953703703703698, 0.45311955882352944: 0.46064199748: 1.6129995860566453, 1.0275633006535947, 1.2517592592592592, 1.0775623332063506, 0.8823872853425464
8161000: 0.8823872853425464, 0.7692693965806405, 0.15953703703703698, 0.45311955882352944, 0.7270308687363833: 0.446562488199: 1.0275633006535947, 1.2517592592592592, 1.0775623332063506, 0.8823872853425464, 0.7692693965806405
8191000: 0.7692693965806405, 0.15953703703703698, 0.45311955882352944, 0.7270308687363833, 1.6921057543572986: 0.957418727306: 1.2517592592592592, 1.0775623332063506, 0.8823872853425464, 0.7692693965806405, 0.15953703703703698
8221000: 0.15953703703703698, 0.45311955882352944, 0.7270308687363833, 1.6921057543572986, 2.384953703703703: 1.60136344227: 1.0775623332063506, 0.8823872853425464, 0.7692693965806405, 0.15953703703703698, 0.45311955882352944
8251000: 0.45311955882352944, 0.7270308687363833, 1.6921057543572986, 2.384953703703703, 1.2105555555555554: 1.76253833787: 0.8823872853425464, 0.7692693965806405, 0.15953703703703698, 0.45311955882352944, 0.7270308687363833
8281000: 0.7270308687363833, 1.6921057543572986, 2.384953703703703, 1.2105555555555554, 0.6640845588235292: 1.41986460603: 0.7692693965806405, 0.15953703703703698, 0.45311955882352944, 0.7270308687363833, 1.6921057543572986
8311000: 1.6921057543572986, 2.384953703703703, 1.2105555555555554, 0.6640845588235292, 0.6266977668845312: 0.833779293755: 0.15953703703703698, 0.45311955882352944, 0.7270308687363833, 1.6921057543572986, 2.384953703703703
8341000: 2.384953703703703, 1.2105555555555554, 0.6640845588235292, 0.6266977668845312, 0.36664214052287575: 0.552474822077: 0.45311955882352944, 0.7270308687363833, 1.6921057543572986, 2.384953703703703, 1.2105555555555554
8371000: 1.2105555555555554, 0.6640845588235292, 0.6266977668845312, 0.36664214052287575, 0.5512405228758172: 0.514860143428: 0.7270308687363833, 1.6921057543572986, 2.384953703703703, 1.2105555555555554, 0.6640845588235292
8401000: 0.6640845588235292, 0.6266977668845312, 0.36664214052287575, 0.5512405228758172, 0.814156034858388: 0.577346232752: 1.6921057543572986, 2.384953703703703, 1.2105555555555554, 0.6640845588235292, 0.6266977668845312
8431000: 0.6266977668845312, 0.36664214052287575, 0.5512405228758172, 0.814156034858388, 0.6444444444444443: 0.669947000726: 2.384953703703703, 1.2105555555555554, 0.6640845588235292, 0.6266977668845312, 0.36664214052287575
8461000: 0.36664214052287575, 0.5512405228758172, 0.814156034858388, 0.6444444444444443, 1.5029629629629635: 0.987187814089: 1.2105555555555554, 0.6640845588235292, 0.6266977668845312, 0.36664214052287575, 0.5512405228758172
8491000: 0.5512405228758172, 0.814156034858388, 0.6444444444444443, 1.5029629629629635, 3.470848517760618: 1.87275197506: 0.6640845588235292, 0.6266977668845312, 0.36664214052287575, 0.5512405228758172, 0.814156034858388
8521000: 0.814156034858388, 0.6444444444444443, 1.5029629629629635, 3.470848517760618, 2.9381074510918084: 2.63730631061: 0.6266977668845312, 0.36664214052287575, 0.5512405228758172, 0.814156034858388, 0.6444444444444443
8551000: 0.6444444444444443, 1.5029629629629635, 3.470848517760618, 2.9381074510918084, 1.174481155553412: 2.5278123748: 0.36664214052287575, 0.5512405228758172, 0.814156034858388, 0.6444444444444443, 1.5029629629629635
8581000: 1.5029629629629635, 3.470848517760618, 2.9381074510918084, 1.174481155553412, 0.668888888888889: 1.59382583184: 0.5512405228758172, 0.814156034858388, 0.6444444444444443, 1.5029629629629635, 3.470848517760618
8611000: 3.470848517760618, 2.9381074510918084, 1.174481155553412, 0.668888888888889, 0.6450925925925924: 0.829487545678: 0.814156034858388, 0.6444444444444443, 1.5029629629629635, 3.470848517760618, 2.9381074510918084
8641000: 2.9381074510918084, 1.174481155553412, 0.668888888888889, 0.6450925925925924, 0.8079880263560515: 0.707323169279: 0.6444444444444443, 1.5029629629629635, 3.470848517760618, 2.9381074510918084, 1.174481155553412
8671000: 1.174481155553412, 0.668888888888889, 0.6450925925925924, 0.8079880263560515, 1.2699407291055052: 0.907673782685: 1.5029629629629635, 3.470848517760618, 2.9381074510918084, 1.174481155553412, 0.668888888888889
8701000: 0.668888888888889, 0.6450925925925924, 0.8079880263560515, 1.2699407291055052, 1.0690428607015234: 1.04899053872: 3.470848517760618, 2.9381074510918084, 1.174481155553412, 0.668888888888889, 0.6450925925925924
8731000: 0.6450925925925924, 0.8079880263560515, 1.2699407291055052, 1.0690428607015234, 0.4414420098039216: 0.926808533204: 2.9381074510918084, 1.174481155553412, 0.668888888888889, 0.6450925925925924, 0.8079880263560515
8761000: 0.8079880263560515, 1.2699407291055052, 1.0690428607015234, 0.4414420098039216, 0.9257407407407405: 0.812075203749: 1.174481155553412, 0.668888888888889, 0.6450925925925924, 0.8079880263560515, 1.2699407291055052
8791000: 1.2699407291055052, 1.0690428607015234, 0.4414420098039216, 0.9257407407407405, 1.0494444444444444: 0.80554239833: 0.668888888888889, 0.6450925925925924, 0.8079880263560515, 1.2699407291055052, 1.0690428607015234
8821000: 1.0690428607015234, 0.4414420098039216, 0.9257407407407405, 1.0494444444444444, 0.38870370370370366: 0.787962962963: 0.6450925925925924, 0.8079880263560515, 1.2699407291055052, 1.0690428607015234, 0.4414420098039216
8851000: 0.4414420098039216, 0.9257407407407405, 1.0494444444444444, 0.38870370370370366, 0.8636909957435158: 0.767279714631: 0.8079880263560515, 1.2699407291055052, 1.0690428607015234, 0.4414420098039216, 0.9257407407407405
8881000: 0.9257407407407405, 1.0494444444444444, 0.38870370370370366, 0.8636909957435158, 1.5278862481997277: 0.926760315882: 1.2699407291055052, 1.0690428607015234, 0.4414420098039216, 0.9257407407407405, 1.0494444444444444
8911000: 1.0494444444444444, 0.38870370370370366, 0.8636909957435158, 1.5278862481997277, 1.1405843078140654: 1.17738718392: 1.0690428607015234, 0.4414420098039216, 0.9257407407407405, 1.0494444444444444, 0.38870370370370366
8941000: 0.38870370370370366, 0.8636909957435158, 1.5278862481997277, 1.1405843078140654, 1.0542348995844333: 1.24090181853: 0.4414420098039216, 0.9257407407407405, 1.0494444444444444, 0.38870370370370366, 0.8636909957435158
8971000: 0.8636909957435158, 1.5278862481997277, 1.1405843078140654, 1.0542348995844333, 1.0917903594771239: 1.09553652229: 0.9257407407407405, 1.0494444444444444, 0.38870370370370366, 0.8636909957435158, 1.5278862481997277
9001000: 1.5278862481997277, 1.1405843078140654, 1.0542348995844333, 1.0917903594771239, 0.5653980172936427: 0.903807758785: 1.0494444444444444, 0.38870370370370366, 0.8636909957435158, 1.5278862481997277, 1.1405843078140654
9031000: 1.1405843078140654, 1.0542348995844333, 1.0917903594771239, 0.5653980172936427, 0.4435381071340394: 0.700242161302: 0.38870370370370366, 0.8636909957435158, 1.5278862481997277, 1.1405843078140654, 1.0542348995844333
9061000: 1.0542348995844333, 1.0917903594771239, 0.5653980172936427, 0.4435381071340394, 0.5083419798186104: 0.505759368082: 0.8636909957435158, 1.5278862481997277, 1.1405843078140654, 1.0542348995844333, 1.0917903594771239
9091000: 1.0917903594771239, 0.5653980172936427, 0.4435381071340394, 0.5083419798186104, 0.20459070806100219: 0.385490265005: 1.5278862481997277, 1.1405843078140654, 1.0542348995844333, 1.0917903594771239, 0.5653980172936427
9121000: 0.5653980172936427, 0.4435381071340394, 0.5083419798186104, 0.20459070806100219, 0.20814941665496958: 0.307027368178: 1.1405843078140654, 1.0542348995844333, 1.0917903594771239, 0.5653980172936427, 0.4435381071340394
9151000: 0.4435381071340394, 0.5083419798186104, 0.20459070806100219, 0.20814941665496958, 0.8484133335141306: 0.420384486077: 1.0542348995844333, 1.0917903594771239, 0.5653980172936427, 0.4435381071340394, 0.5083419798186104
9181000: 0.5083419798186104, 0.20459070806100219, 0.20814941665496958, 0.8484133335141306, 1.0131793774273106: 0.689914042532: 1.0917903594771239, 0.5653980172936427, 0.4435381071340394, 0.5083419798186104, 0.20459070806100219
9211000: 0.20459070806100219, 0.20814941665496958, 0.8484133335141306, 1.0131793774273106, 0.8365105929531088: 0.899367767965: 0.5653980172936427, 0.4435381071340394, 0.5083419798186104, 0.20459070806100219, 0.20814941665496958
9241000: 0.20814941665496958, 0.8484133335141306, 1.0131793774273106, 0.8365105929531088, 1.13192898439338: 0.993872984925: 0.4435381071340394, 0.5083419798186104, 0.20459070806100219, 0.20814941665496958, 0.8484133335141306
9271000: 0.8484133335141306, 1.0131793774273106, 0.8365105929531088, 1.13192898439338, 2.022039357287051: 1.33015964488: 0.5083419798186104, 0.20459070806100219, 0.20814941665496958, 0.8484133335141306, 1.0131793774273106
9301000: 1.0131793774273106, 0.8365105929531088, 1.13192898439338, 2.022039357287051, 1.9069939566763598: 1.68698743279: 0.20459070806100219, 0.20814941665496958, 0.8484133335141306, 1.0131793774273106, 0.8365105929531088
9331000: 0.8365105929531088, 1.13192898439338, 2.022039357287051, 1.9069939566763598, 0.6532421551014335: 1.52742515635: 0.20814941665496958, 0.8484133335141306, 1.0131793774273106, 0.8365105929531088, 1.13192898439338
9361000: 1.13192898439338, 2.022039357287051, 1.9069939566763598, 0.6532421551014335, 0.6670043845315905: 1.0757468321: 0.8484133335141306, 1.0131793774273106, 0.8365105929531088, 1.13192898439338, 2.022039357287051
9391000: 2.022039357287051, 1.9069939566763598, 0.6532421551014335, 0.6670043845315905, 1.1963020152505448: 0.838849518295: 1.0131793774273106, 0.8365105929531088, 1.13192898439338, 2.022039357287051, 1.9069939566763598
9421000: 1.9069939566763598, 0.6532421551014335, 0.6670043845315905, 1.1963020152505448, 0.9993439270152504: 0.954216775599: 0.8365105929531088, 1.13192898439338, 2.022039357287051, 1.9069939566763598, 0.6532421551014335
9451000: 0.6532421551014335, 0.6670043845315905, 1.1963020152505448, 0.9993439270152504, 0.6411111111111112: 0.945585684459: 1.13192898439338, 2.022039357287051, 1.9069939566763598, 0.6532421551014335, 0.6670043845315905
9481000: 0.6670043845315905, 1.1963020152505448, 0.9993439270152504, 0.6411111111111112, 0.8652542047930284: 0.835236414306: 2.022039357287051, 1.9069939566763598, 0.6532421551014335, 0.6670043845315905, 1.1963020152505448
9511000: 1.1963020152505448, 0.9993439270152504, 0.6411111111111112, 0.8652542047930284, 0.8826294117647058: 0.79633157589: 1.9069939566763598, 0.6532421551014335, 0.6670043845315905, 1.1963020152505448, 0.9993439270152504
9541000: 0.9993439270152504, 0.6411111111111112, 0.8652542047930284, 0.8826294117647058, 0.6542270588235294: 0.80070355846: 0.6532421551014335, 0.6670043845315905, 1.1963020152505448, 0.9993439270152504, 0.6411111111111112
9571000: 0.6411111111111112, 0.8652542047930284, 0.8826294117647058, 0.6542270588235294, 0.6616666666666668: 0.732841045752: 0.6670043845315905, 1.1963020152505448, 0.9993439270152504, 0.6411111111111112, 0.8652542047930284
9601000: 0.8652542047930284, 0.8826294117647058, 0.6542270588235294, 0.6616666666666668, 0.5273871969932751: 0.614426974161: 1.1963020152505448, 0.9993439270152504, 0.6411111111111112, 0.8652542047930284, 0.8826294117647058
9631000: 0.8826294117647058, 0.6542270588235294, 0.6616666666666668, 0.5273871969932751, 0.5636979293850145: 0.584250597682: 0.9993439270152504, 0.6411111111111112, 0.8652542047930284, 0.8826294117647058, 0.6542270588235294
9661000: 0.6542270588235294, 0.6616666666666668, 0.5273871969932751, 0.5636979293850145, 0.758872795223344: 0.616652640534: 0.6411111111111112, 0.8652542047930284, 0.8826294117647058, 0.6542270588235294, 0.6616666666666668
9691000: 0.6616666666666668, 0.5273871969932751, 0.5636979293850145, 0.758872795223344, 0.8384191273378729: 0.720329950649: 0.8652542047930284, 0.8826294117647058, 0.6542270588235294, 0.6616666666666668, 0.5273871969932751
9721000: 0.5273871969932751, 0.5636979293850145, 0.758872795223344, 0.8384191273378729, 0.6216068705288952: 0.73963293103: 0.8826294117647058, 0.6542270588235294, 0.6616666666666668, 0.5273871969932751, 0.5636979293850145
9751000: 0.5636979293850145, 0.758872795223344, 0.8384191273378729, 0.6216068705288952, 0.37410108156730437: 0.611375693145: 0.6542270588235294, 0.6616666666666668, 0.5273871969932751, 0.5636979293850145, 0.758872795223344
9781000: 0.758872795223344, 0.8384191273378729, 0.6216068705288952, 0.37410108156730437, 0.68700931666654: 0.560905756254: 0.6616666666666668, 0.5273871969932751, 0.5636979293850145, 0.758872795223344, 0.8384191273378729
9811000: 0.8384191273378729, 0.6216068705288952, 0.37410108156730437, 0.68700931666654, 0.5421529394261476: 0.534421112553: 0.5273871969932751, 0.5636979293850145, 0.758872795223344, 0.8384191273378729, 0.6216068705288952
9841000: 0.6216068705288952, 0.37410108156730437, 0.68700931666654, 0.5421529394261476, 0.7281815999680725: 0.65244795202: 0.5636979293850145, 0.758872795223344, 0.8384191273378729, 0.6216068705288952, 0.37410108156730437
9871000: 0.37410108156730437, 0.68700931666654, 0.5421529394261476, 0.7281815999680725, 1.7047037319915366: 0.991679423795: 0.758872795223344, 0.8384191273378729, 0.6216068705288952, 0.37410108156730437, 0.68700931666654
9901000: 0.68700931666654, 0.5421529394261476, 0.7281815999680725, 1.7047037319915366, 1.2161521660613948: 1.21634583267: 0.8384191273378729, 0.6216068705288952, 0.37410108156730437, 0.68700931666654, 0.5421529394261476
9931000: 0.5421529394261476, 0.7281815999680725, 1.7047037319915366, 1.2161521660613948, 0.27912077477867103: 1.06665889094: 0.6216068705288952, 0.37410108156730437, 0.68700931666654, 0.5421529394261476, 0.7281815999680725
9961000: 0.7281815999680725, 1.7047037319915366, 1.2161521660613948, 0.27912077477867103, 0.7210960830693879: 0.738789674636: 0.37410108156730437, 0.68700931666654, 0.5421529394261476, 0.7281815999680725, 1.7047037319915366
9991000: 1.7047037319915366, 1.2161521660613948, 0.27912077477867103, 0.7210960830693879, 1.8900985546265094: 0.963438470825: 0.68700931666654, 0.5421529394261476, 0.7281815999680725, 1.7047037319915366, 1.2161521660613948
10021000: 1.2161521660613948, 0.27912077477867103, 0.7210960830693879, 1.8900985546265094, 1.5570626831217542: 1.38941910694: 0.5421529394261476, 0.7281815999680725, 1.7047037319915366, 1.2161521660613948, 0.27912077477867103
10051000: 0.27912077477867103, 0.7210960830693879, 1.8900985546265094, 1.5570626831217542, 0.7382052405573579: 1.39512215944: 0.7281815999680725, 1.7047037319915366, 1.2161521660613948, 0.27912077477867103, 0.7210960830693879
10081000: 0.7210960830693879, 1.8900985546265094, 1.5570626831217542, 0.7382052405573579, 0.5531747334315097: 0.949480885704: 1.7047037319915366, 1.2161521660613948, 0.27912077477867103, 0.7210960830693879, 1.8900985546265094
10111000: 1.8900985546265094, 1.5570626831217542, 0.7382052405573579, 0.5531747334315097, 0.17040303280706035: 0.487261002265: 1.2161521660613948, 0.27912077477867103, 0.7210960830693879, 1.8900985546265094, 1.5570626831217542
10141000: 1.5570626831217542, 0.7382052405573579, 0.5531747334315097, 0.17040303280706035, 0.5776676067034874: 0.433748457647: 0.27912077477867103, 0.7210960830693879, 1.8900985546265094, 1.5570626831217542, 0.7382052405573579
10171000: 0.7382052405573579, 0.5531747334315097, 0.17040303280706035, 0.5776676067034874, 0.7458807714374248: 0.497983803649: 0.7210960830693879, 1.8900985546265094, 1.5570626831217542, 0.7382052405573579, 0.5531747334315097
10201000: 0.5531747334315097, 0.17040303280706035, 0.5776676067034874, 0.7458807714374248, 0.3179263034283094: 0.54715822719: 1.8900985546265094, 1.5570626831217542, 0.7382052405573579, 0.5531747334315097, 0.17040303280706035
10231000: 0.17040303280706035, 0.5776676067034874, 0.7458807714374248, 0.3179263034283094, 0.21308987864594747: 0.425632317837: 1.5570626831217542, 0.7382052405573579, 0.5531747334315097, 0.17040303280706035, 0.5776676067034874
10261000: 0.5776676067034874, 0.7458807714374248, 0.3179263034283094, 0.21308987864594747, 0.24308755921672767: 0.25803458043: 0.7382052405573579, 0.5531747334315097, 0.17040303280706035, 0.5776676067034874, 0.7458807714374248
10291000: 0.7458807714374248, 0.3179263034283094, 0.21308987864594747, 0.24308755921672767, 0.3067592592592592: 0.254312232374: 0.5531747334315097, 0.17040303280706035, 0.5776676067034874, 0.7458807714374248, 0.3179263034283094
10321000: 0.3179263034283094, 0.21308987864594747, 0.24308755921672767, 0.3067592592592592, 0.5394444444444445: 0.36309708764: 0.17040303280706035, 0.5776676067034874, 0.7458807714374248, 0.3179263034283094, 0.21308987864594747
10351000: 0.21308987864594747, 0.24308755921672767, 0.3067592592592592, 0.5394444444444445, 0.7873148148148146: 0.54450617284: 0.5776676067034874, 0.7458807714374248, 0.3179263034283094, 0.21308987864594747, 0.24308755921672767
10381000: 0.24308755921672767, 0.3067592592592592, 0.5394444444444445, 0.7873148148148146, 0.6109939923747277: 0.645917750545: 0.7458807714374248, 0.3179263034283094, 0.21308987864594747, 0.24308755921672767, 0.3067592592592592
10411000: 0.3067592592592592, 0.5394444444444445, 0.7873148148148146, 0.6109939923747277, 0.3815125816993464: 0.593273796296: 0.3179263034283094, 0.21308987864594747, 0.24308755921672767, 0.3067592592592592, 0.5394444444444445
10441000: 0.5394444444444445, 0.7873148148148146, 0.6109939923747277, 0.3815125816993464, 0.541444515250545: 0.511317029775: 0.21308987864594747, 0.24308755921672767, 0.3067592592592592, 0.5394444444444445, 0.7873148148148146
10471000: 0.7873148148148146, 0.6109939923747277, 0.3815125816993464, 0.541444515250545, 0.4364814814814816: 0.45314619281: 0.24308755921672767, 0.3067592592592592, 0.5394444444444445, 0.7873148148148146, 0.6109939923747277
10501000: 0.6109939923747277, 0.3815125816993464, 0.541444515250545, 0.4364814814814816, 0.6787602832244006: 0.552228759985: 0.3067592592592592, 0.5394444444444445, 0.7873148148148146, 0.6109939923747277, 0.3815125816993464
10531000: 0.3815125816993464, 0.541444515250545, 0.4364814814814816, 0.6787602832244006, 0.684952450980392: 0.600064738562: 0.5394444444444445, 0.7873148148148146, 0.6109939923747277, 0.3815125816993464, 0.541444515250545
10561000: 0.541444515250545, 0.4364814814814816, 0.6787602832244006, 0.684952450980392, 0.2622307392904298: 0.541981157832: 0.7873148148148146, 0.6109939923747277, 0.3815125816993464, 0.541444515250545, 0.4364814814814816
10591000: 0.4364814814814816, 0.6787602832244006, 0.684952450980392, 0.2622307392904298, 1.2837120213178053: 0.743631737196: 0.6109939923747277, 0.3815125816993464, 0.541444515250545, 0.4364814814814816, 0.6787602832244006
10621000: 0.6787602832244006, 0.684952450980392, 0.2622307392904298, 1.2837120213178053, 1.7574046101300502: 1.10111579025: 0.3815125816993464, 0.541444515250545, 0.4364814814814816, 0.6787602832244006, 0.684952450980392
10651000: 0.684952450980392, 0.2622307392904298, 1.2837120213178053, 1.7574046101300502, 0.9954209592313458: 1.34551253023: 0.541444515250545, 0.4364814814814816, 0.6787602832244006, 0.684952450980392, 0.2622307392904298
10681000: 0.2622307392904298, 1.2837120213178053, 1.7574046101300502, 0.9954209592313458, 0.7043047310146148: 1.15237676679: 0.4364814814814816, 0.6787602832244006, 0.684952450980392, 0.2622307392904298, 1.2837120213178053
10711000: 1.2837120213178053, 1.7574046101300502, 0.9954209592313458, 0.7043047310146148, 0.39378111525329806: 0.697835601833: 0.6787602832244006, 0.684952450980392, 0.2622307392904298, 1.2837120213178053, 1.7574046101300502
10741000: 1.7574046101300502, 0.9954209592313458, 0.7043047310146148, 0.39378111525329806, 0.39063067893520714: 0.496238841734: 0.684952450980392, 0.2622307392904298, 1.2837120213178053, 1.7574046101300502, 0.9954209592313458
10771000: 0.9954209592313458, 0.7043047310146148, 0.39378111525329806, 0.39063067893520714, 0.8204532235179606: 0.534955005902: 0.2622307392904298, 1.2837120213178053, 1.7574046101300502, 0.9954209592313458, 0.7043047310146148
10801000: 0.7043047310146148, 0.39378111525329806, 0.39063067893520714, 0.8204532235179606, 0.5113250404307264: 0.574136314295: 1.2837120213178053, 1.7574046101300502, 0.9954209592313458, 0.7043047310146148, 0.39378111525329806
10831000: 0.39378111525329806, 0.39063067893520714, 0.8204532235179606, 0.5113250404307264, 0.762771477305434: 0.698183247085: 1.7574046101300502, 0.9954209592313458, 0.7043047310146148, 0.39378111525329806, 0.39063067893520714
10861000: 0.39063067893520714, 0.8204532235179606, 0.5113250404307264, 0.762771477305434, 1.442396875823024: 0.905497797853: 0.9954209592313458, 0.7043047310146148, 0.39378111525329806, 0.39063067893520714, 0.8204532235179606
10891000: 0.8204532235179606, 0.5113250404307264, 0.762771477305434, 1.442396875823024, 0.8600881881009418: 1.02175218041: 0.7043047310146148, 0.39378111525329806, 0.39063067893520714, 0.8204532235179606, 0.5113250404307264
10921000: 0.5113250404307264, 0.762771477305434, 1.442396875823024, 0.8600881881009418, 0.6104227731550207: 0.970969279026: 0.39378111525329806, 0.39063067893520714, 0.8204532235179606, 0.5113250404307264, 0.762771477305434
10951000: 0.762771477305434, 1.442396875823024, 0.8600881881009418, 0.6104227731550207, 1.0000925925925928: 0.82353451795: 0.39063067893520714, 0.8204532235179606, 0.5113250404307264, 0.762771477305434, 1.442396875823024
10981000: 1.442396875823024, 0.8600881881009418, 0.6104227731550207, 1.0000925925925928, 0.8993518518518518: 0.836622405866: 0.8204532235179606, 0.5113250404307264, 0.762771477305434, 1.442396875823024, 0.8600881881009418
11011000: 0.8600881881009418, 0.6104227731550207, 1.0000925925925928, 0.8993518518518518, 0.8310185185185187: 0.910154320988: 0.5113250404307264, 0.762771477305434, 1.442396875823024, 0.8600881881009418, 0.6104227731550207
11041000: 0.6104227731550207, 1.0000925925925928, 0.8993518518518518, 0.8310185185185187, 0.9850925925925924: 0.905154320988: 0.762771477305434, 1.442396875823024, 0.8600881881009418, 0.6104227731550207, 1.0000925925925928
11071000: 1.0000925925925928, 0.8993518518518518, 0.8310185185185187, 0.9850925925925924, 0.8001471057872929: 0.872086072299: 1.442396875823024, 0.8600881881009418, 0.6104227731550207, 1.0000925925925928, 0.8993518518518518
11101000: 0.8993518518518518, 0.8310185185185187, 0.9850925925925924, 0.8001471057872929, 0.5102124988099626: 0.765150732397: 0.8600881881009418, 0.6104227731550207, 1.0000925925925928, 0.8993518518518518, 0.8310185185185187
11131000: 0.8310185185185187, 0.9850925925925924, 0.8001471057872929, 0.5102124988099626, 0.79293576339304: 0.701098455997: 0.6104227731550207, 1.0000925925925928, 0.8993518518518518, 0.8310185185185187, 0.9850925925925924
11161000: 0.9850925925925924, 0.8001471057872929, 0.5102124988099626, 0.79293576339304, 1.257922636165577: 0.853690299456: 1.0000925925925928, 0.8993518518518518, 0.8310185185185187, 0.9850925925925924, 0.8001471057872929
11191000: 0.8001471057872929, 0.5102124988099626, 0.79293576339304, 1.257922636165577, 0.8720554506513144: 0.974304616737: 0.8993518518518518, 0.8310185185185187, 0.9850925925925924, 0.8001471057872929, 0.5102124988099626
11221000: 0.5102124988099626, 0.79293576339304, 1.257922636165577, 0.8720554506513144, 0.3802902288509799: 0.836756105223: 0.8310185185185187, 0.9850925925925924, 0.8001471057872929, 0.5102124988099626, 0.79293576339304
11251000: 0.79293576339304, 1.257922636165577, 0.8720554506513144, 0.3802902288509799, 0.6087480516201452: 0.620364577041: 0.9850925925925924, 0.8001471057872929, 0.5102124988099626, 0.79293576339304, 1.257922636165577
11281000: 1.257922636165577, 0.8720554506513144, 0.3802902288509799, 0.6087480516201452, 0.45938295206971674: 0.482807077514: 0.8001471057872929, 0.5102124988099626, 0.79293576339304, 1.257922636165577, 0.8720554506513144
11311000: 0.8720554506513144, 0.3802902288509799, 0.6087480516201452, 0.45938295206971674, 0.562255277777778: 0.543462093823: 0.5102124988099626, 0.79293576339304, 1.257922636165577, 0.8720554506513144, 0.3802902288509799
11341000: 0.3802902288509799, 0.6087480516201452, 0.45938295206971674, 0.562255277777778, 0.6955555555555558: 0.572397928468: 0.79293576339304, 1.257922636165577, 0.8720554506513144, 0.3802902288509799, 0.6087480516201452
11371000: 0.6087480516201452, 0.45938295206971674, 0.562255277777778, 0.6955555555555558, 0.21018518518518522: 0.489332006173: 1.257922636165577, 0.8720554506513144, 0.3802902288509799, 0.6087480516201452, 0.45938295206971674
11401000: 0.45938295206971674, 0.562255277777778, 0.6955555555555558, 0.21018518518518522, 0.2244444444444444: 0.376728395062: 0.8720554506513144, 0.3802902288509799, 0.6087480516201452, 0.45938295206971674, 0.562255277777778
11431000: 0.562255277777778, 0.6955555555555558, 0.21018518518518522, 0.2244444444444444, 0.4305555555555554: 0.288395061728: 0.3802902288509799, 0.6087480516201452, 0.45938295206971674, 0.562255277777778, 0.6955555555555558
11461000: 0.6955555555555558, 0.21018518518518522, 0.2244444444444444, 0.4305555555555554, 0.2261111111111111: 0.293703703704: 0.6087480516201452, 0.45938295206971674, 0.562255277777778, 0.6955555555555558, 0.21018518518518522
11491000: 0.21018518518518522, 0.2244444444444444, 0.4305555555555554, 0.2261111111111111, 0.21764924557840676: 0.291438637415: 0.45938295206971674, 0.562255277777778, 0.6955555555555558, 0.21018518518518522, 0.2244444444444444
11521000: 0.2244444444444444, 0.4305555555555554, 0.2261111111111111, 0.21764924557840676, 0.29253071217306953: 0.245430356288: 0.562255277777778, 0.6955555555555558, 0.21018518518518522, 0.2244444444444444, 0.4305555555555554
11551000: 0.4305555555555554, 0.2261111111111111, 0.21764924557840676, 0.29253071217306953, 0.461005651968098: 0.323728536573: 0.6955555555555558, 0.21018518518518522, 0.2244444444444444, 0.4305555555555554, 0.2261111111111111
11581000: 0.2261111111111111, 0.21764924557840676, 0.29253071217306953, 0.461005651968098, 0.4010279747632878: 0.384854779635: 0.21018518518518522, 0.2244444444444444, 0.4305555555555554, 0.2261111111111111, 0.21764924557840676
11611000: 0.21764924557840676, 0.29253071217306953, 0.461005651968098, 0.4010279747632878, 0.2399291981498586: 0.367320941627: 0.2244444444444444, 0.4305555555555554, 0.2261111111111111, 0.21764924557840676, 0.29253071217306953
11641000: 0.29253071217306953, 0.461005651968098, 0.4010279747632878, 0.2399291981498586, 0.41246498837974477: 0.351140720431: 0.4305555555555554, 0.2261111111111111, 0.21764924557840676, 0.29253071217306953, 0.461005651968098
11671000: 0.461005651968098, 0.4010279747632878, 0.2399291981498586, 0.41246498837974477, 0.31155988341456137: 0.321318023315: 0.2261111111111111, 0.21764924557840676, 0.29253071217306953, 0.461005651968098, 0.4010279747632878
11701000: 0.4010279747632878, 0.2399291981498586, 0.41246498837974477, 0.31155988341456137, 0.48276883501652706: 0.402264568937: 0.21764924557840676, 0.29253071217306953, 0.461005651968098, 0.4010279747632878, 0.2399291981498586
11731000: 0.2399291981498586, 0.41246498837974477, 0.31155988341456137, 0.48276883501652706, 0.7276434336172198: 0.507324050683: 0.29253071217306953, 0.461005651968098, 0.4010279747632878, 0.2399291981498586, 0.41246498837974477
11761000: 0.41246498837974477, 0.31155988341456137, 0.48276883501652706, 0.7276434336172198, 0.8532101655520893: 0.687874144729: 0.461005651968098, 0.4010279747632878, 0.2399291981498586, 0.41246498837974477, 0.31155988341456137
11791000: 0.31155988341456137, 0.48276883501652706, 0.7276434336172198, 0.8532101655520893, 0.8761914277573258: 0.819015008976: 0.4010279747632878, 0.2399291981498586, 0.41246498837974477, 0.31155988341456137, 0.48276883501652706
11821000: 0.48276883501652706, 0.7276434336172198, 0.8532101655520893, 0.8761914277573258, 0.4220466874765679: 0.717149426929: 0.2399291981498586, 0.41246498837974477, 0.31155988341456137, 0.48276883501652706, 0.7276434336172198
11851000: 0.7276434336172198, 0.8532101655520893, 0.8761914277573258, 0.4220466874765679, 0.3667356862745098: 0.554991267169: 0.41246498837974477, 0.31155988341456137, 0.48276883501652706, 0.7276434336172198, 0.8532101655520893
11881000: 0.8532101655520893, 0.8761914277573258, 0.4220466874765679, 0.3667356862745098, 0.42343736383442265: 0.404073245862: 0.31155988341456137, 0.48276883501652706, 0.7276434336172198, 0.8532101655520893, 0.8761914277573258
11911000: 0.8761914277573258, 0.4220466874765679, 0.3667356862745098, 0.42343736383442265, 0.186957385620915: 0.325710145243: 0.48276883501652706, 0.7276434336172198, 0.8532101655520893, 0.8761914277573258, 0.4220466874765679
11941000: 0.4220466874765679, 0.3667356862745098, 0.42343736383442265, 0.186957385620915, 0.7752273202614379: 0.461874023239: 0.7276434336172198, 0.8532101655520893, 0.8761914277573258, 0.4220466874765679, 0.3667356862745098
11971000: 0.3667356862745098, 0.42343736383442265, 0.186957385620915, 0.7752273202614379, 0.9171664488017429: 0.626450384895: 0.8532101655520893, 0.8761914277573258, 0.4220466874765679, 0.3667356862745098, 0.42343736383442265
12001000: 0.42343736383442265, 0.186957385620915, 0.7752273202614379, 0.9171664488017429, 0.4769391285403049: 0.723110965868: 0.8761914277573258, 0.4220466874765679, 0.3667356862745098, 0.42343736383442265, 0.186957385620915
12031000: 0.186957385620915, 0.7752273202614379, 0.9171664488017429, 0.4769391285403049, 0.848611111111111: 0.747572229484: 0.4220466874765679, 0.3667356862745098, 0.42343736383442265, 0.186957385620915, 0.7752273202614379
12061000: 0.7752273202614379, 0.9171664488017429, 0.4769391285403049, 0.848611111111111, 0.7681481481481481: 0.6978994626: 0.3667356862745098, 0.42343736383442265, 0.186957385620915, 0.7752273202614379, 0.9171664488017429
12091000: 0.9171664488017429, 0.4769391285403049, 0.848611111111111, 0.7681481481481481, 0.17638888888888876: 0.597716049383: 0.42343736383442265, 0.186957385620915, 0.7752273202614379, 0.9171664488017429, 0.4769391285403049
12121000: 0.4769391285403049, 0.848611111111111, 0.7681481481481481, 0.17638888888888876, 0.2452167224945533: 0.396584586511: 0.186957385620915, 0.7752273202614379, 0.9171664488017429, 0.4769391285403049, 0.848611111111111
12151000: 0.848611111111111, 0.7681481481481481, 0.17638888888888876, 0.2452167224945533, 0.6434625697283707: 0.355022727037: 0.7752273202614379, 0.9171664488017429, 0.4769391285403049, 0.848611111111111, 0.7681481481481481
12181000: 0.7681481481481481, 0.17638888888888876, 0.2452167224945533, 0.6434625697283707, 0.8119447402850603: 0.566874677503: 0.9171664488017429, 0.4769391285403049, 0.848611111111111, 0.7681481481481481, 0.17638888888888876
12211000: 0.17638888888888876, 0.2452167224945533, 0.6434625697283707, 0.8119447402850603, 0.795990635970633: 0.750465981995: 0.4769391285403049, 0.848611111111111, 0.7681481481481481, 0.17638888888888876, 0.2452167224945533
12241000: 0.2452167224945533, 0.6434625697283707, 0.8119447402850603, 0.795990635970633, 0.617476928104575: 0.741804101453: 0.848611111111111, 0.7681481481481481, 0.17638888888888876, 0.2452167224945533, 0.6434625697283707
12271000: 0.6434625697283707, 0.8119447402850603, 0.795990635970633, 0.617476928104575, 0.7115740740740741: 0.708347212716: 0.7681481481481481, 0.17638888888888876, 0.2452167224945533, 0.6434625697283707, 0.8119447402850603
12301000: 0.8119447402850603, 0.795990635970633, 0.617476928104575, 0.7115740740740741, 0.6188888888888886: 0.649313297023: 0.17638888888888876, 0.2452167224945533, 0.6434625697283707, 0.8119447402850603, 0.795990635970633
12331000: 0.795990635970633, 0.617476928104575, 0.7115740740740741, 0.6188888888888886, 0.2824074074074074: 0.53762345679: 0.2452167224945533, 0.6434625697283707, 0.8119447402850603, 0.795990635970633, 0.617476928104575
12361000: 0.617476928104575, 0.7115740740740741, 0.6188888888888886, 0.2824074074074074, 0.6532407407407405: 0.518179012346: 0.6434625697283707, 0.8119447402850603, 0.795990635970633, 0.617476928104575, 0.7115740740740741
12391000: 0.7115740740740741, 0.6188888888888886, 0.2824074074074074, 0.6532407407407405, 0.9455902805323478: 0.627079476227: 0.8119447402850603, 0.795990635970633, 0.617476928104575, 0.7115740740740741, 0.6188888888888886
12421000: 0.6188888888888886, 0.2824074074074074, 0.6532407407407405, 0.9455902805323478, 0.9832175979125776: 0.860682873062: 0.795990635970633, 0.617476928104575, 0.7115740740740741, 0.6188888888888886, 0.2824074074074074
12451000: 0.2824074074074074, 0.6532407407407405, 0.9455902805323478, 0.9832175979125776, 1.099942141116362: 1.00958333985: 0.617476928104575, 0.7115740740740741, 0.6188888888888886, 0.2824074074074074, 0.6532407407407405
12481000: 0.6532407407407405, 0.9455902805323478, 0.9832175979125776, 1.099942141116362, 1.1753588066589695: 1.08617284856: 0.7115740740740741, 0.6188888888888886, 0.2824074074074074, 0.6532407407407405, 0.9455902805323478
12511000: 0.9455902805323478, 0.9832175979125776, 1.099942141116362, 1.1753588066589695, 0.8205930048531649: 1.03196465088: 0.6188888888888886, 0.2824074074074074, 0.6532407407407405, 0.9455902805323478, 0.9832175979125776
12541000: 0.9832175979125776, 1.099942141116362, 1.1753588066589695, 0.8205930048531649, 0.34295709394798796: 0.77963630182: 0.2824074074074074, 0.6532407407407405, 0.9455902805323478, 0.9832175979125776, 1.099942141116362
12571000: 1.099942141116362, 1.1753588066589695, 0.8205930048531649, 0.34295709394798796, 0.7091088672246326: 0.624219655342: 0.6532407407407405, 0.9455902805323478, 0.9832175979125776, 1.099942141116362, 1.1753588066589695
