271000: 0.0, 0.0, 0.0, 0.0, 0.0: 0.0: 0.0, 0.0, 0.0, 0.0, 0.0
301000: 0.0, 0.0, 0.0, 0.0, 0.0: 0.0: 0.0, 0.0, 0.0, 0.0, 0.0
331000: 0.0, 0.0, 0.0, 0.0, 0.0: 0.0: 0.0, 0.0, 0.0, 0.0, 0.0
361000: 0.0, 0.0, 0.0, 0.0, 0.0: 0.0: 0.0, 0.0, 0.0, 0.0, 0.0
391000: 0.0, 0.0, 0.0, 0.0, 0.0: 0.0: 0.0, 0.0, 0.0, 0.0, 0.0
421000: 0.0, 0.0, 0.0, 0.0, 0.048921266968325786: 0.0163070889894: 0.0, 0.0, 0.0, 0.0, 0.0
451000: 0.0, 0.0, 0.0, 0.048921266968325786, 0.4520109150326798: 0.166977394: 0.0, 0.0, 0.0, 0.0, 0.0
481000: 0.0, 0.0, 0.048921266968325786, 0.4520109150326798, 0.5898239684933804: 0.363585383498: 0.0, 0.0, 0.0, 0.0, 0.0
511000: 0.0, 0.048921266968325786, 0.4520109150326798, 0.5898239684933804, 0.45468474777945367: 0.498839877102: 0.0, 0.0, 0.0, 0.0, 0.048921266968325786
541000: 0.048921266968325786, 0.4520109150326798, 0.5898239684933804, 0.45468474777945367, 0.5818344947209655: 0.542114403665: 0.0, 0.0, 0.0, 0.048921266968325786, 0.4520109150326798
571000: 0.4520109150326798, 0.5898239684933804, 0.45468474777945367, 0.5818344947209655, 0.7712117671149659: 0.602577003205: 0.0, 0.0, 0.048921266968325786, 0.4520109150326798, 0.5898239684933804
601000: 0.5898239684933804, 0.45468474777945367, 0.5818344947209655, 0.7712117671149659, 1.0136649058362661: 0.788903722557: 0.0, 0.048921266968325786, 0.4520109150326798, 0.5898239684933804, 0.45468474777945367
631000: 0.45468474777945367, 0.5818344947209655, 0.7712117671149659, 1.0136649058362661, 0.8692125136165576: 0.884696395523: 0.048921266968325786, 0.4520109150326798, 0.5898239684933804, 0.45468474777945367, 0.5818344947209655
661000: 0.5818344947209655, 0.7712117671149659, 1.0136649058362661, 0.8692125136165576, 0.599912796631473: 0.827596738695: 0.4520109150326798, 0.5898239684933804, 0.45468474777945367, 0.5818344947209655, 0.7712117671149659
691000: 0.7712117671149659, 1.0136649058362661, 0.8692125136165576, 0.599912796631473, 0.44358855664488017: 0.637571288964: 0.5898239684933804, 0.45468474777945367, 0.5818344947209655, 0.7712117671149659, 1.0136649058362661
721000: 1.0136649058362661, 0.8692125136165576, 0.599912796631473, 0.44358855664488017, 0.755906165577342: 0.599802506285: 0.45468474777945367, 0.5818344947209655, 0.7712117671149659, 1.0136649058362661, 0.8692125136165576
751000: 0.8692125136165576, 0.599912796631473, 0.44358855664488017, 0.755906165577342, 1.2788417429193897: 0.826112155047: 0.5818344947209655, 0.7712117671149659, 1.0136649058362661, 0.8692125136165576, 0.599912796631473
781000: 0.599912796631473, 0.44358855664488017, 0.755906165577342, 1.2788417429193897, 1.1637910130718958: 1.06617964052: 0.7712117671149659, 1.0136649058362661, 0.8692125136165576, 0.599912796631473, 0.44358855664488017
811000: 0.44358855664488017, 0.755906165577342, 1.2788417429193897, 1.1637910130718958, 0.8228027342047927: 1.08847849673: 1.0136649058362661, 0.8692125136165576, 0.599912796631473, 0.44358855664488017, 0.755906165577342
841000: 0.755906165577342, 1.2788417429193897, 1.1637910130718958, 0.8228027342047927, 0.652034645969499: 0.879542797749: 0.8692125136165576, 0.599912796631473, 0.44358855664488017, 0.755906165577342, 1.2788417429193897
871000: 1.2788417429193897, 1.1637910130718958, 0.8228027342047927, 0.652034645969499, 1.1949837581699347: 0.889940379448: 0.599912796631473, 0.44358855664488017, 0.755906165577342, 1.2788417429193897, 1.1637910130718958
901000: 1.1637910130718958, 0.8228027342047927, 0.652034645969499, 1.1949837581699347, 1.487598676470588: 1.11153902687: 0.44358855664488017, 0.755906165577342, 1.2788417429193897, 1.1637910130718958, 0.8228027342047927
931000: 0.8228027342047927, 0.652034645969499, 1.1949837581699347, 1.487598676470588, 0.907857037037037: 1.19681315723: 0.755906165577342, 1.2788417429193897, 1.1637910130718958, 0.8228027342047927, 0.652034645969499
961000: 0.652034645969499, 1.1949837581699347, 1.487598676470588, 0.907857037037037, 0.9339580501089325: 1.10980458787: 1.2788417429193897, 1.1637910130718958, 0.8228027342047927, 0.652034645969499, 1.1949837581699347
991000: 1.1949837581699347, 1.487598676470588, 0.907857037037037, 0.9339580501089325, 1.4852210784313726: 1.10901205519: 1.1637910130718958, 0.8228027342047927, 0.652034645969499, 1.1949837581699347, 1.487598676470588
1021000: 1.487598676470588, 0.907857037037037, 0.9339580501089325, 1.4852210784313726, 1.3136864596949893: 1.24428852941: 0.8228027342047927, 0.652034645969499, 1.1949837581699347, 1.487598676470588, 0.907857037037037
1051000: 0.907857037037037, 0.9339580501089325, 1.4852210784313726, 1.3136864596949893, 0.692013888888889: 1.16364047567: 0.652034645969499, 1.1949837581699347, 1.487598676470588, 0.907857037037037, 0.9339580501089325
1081000: 0.9339580501089325, 1.4852210784313726, 1.3136864596949893, 0.692013888888889, 0.5249912527233117: 0.843563867102: 1.1949837581699347, 1.487598676470588, 0.907857037037037, 0.9339580501089325, 1.4852210784313726
1111000: 1.4852210784313726, 1.3136864596949893, 0.692013888888889, 0.5249912527233117, 0.7348403050108934: 0.650615148874: 1.487598676470588, 0.907857037037037, 0.9339580501089325, 1.4852210784313726, 1.3136864596949893
1141000: 1.3136864596949893, 0.692013888888889, 0.5249912527233117, 0.7348403050108934, 0.877301448801743: 0.712377668845: 0.907857037037037, 0.9339580501089325, 1.4852210784313726, 1.3136864596949893, 0.692013888888889
1171000: 0.692013888888889, 0.5249912527233117, 0.7348403050108934, 0.877301448801743, 0.7500730882352938: 0.787404947349: 0.9339580501089325, 1.4852210784313726, 1.3136864596949893, 0.692013888888889, 0.5249912527233117
1201000: 0.5249912527233117, 0.7348403050108934, 0.877301448801743, 0.7500730882352938, 0.9680231808278863: 0.865132572622: 1.4852210784313726, 1.3136864596949893, 0.692013888888889, 0.5249912527233117, 0.7348403050108934
1231000: 0.7348403050108934, 0.877301448801743, 0.7500730882352938, 0.9680231808278863, 1.1217219553376903: 0.9466060748: 1.3136864596949893, 0.692013888888889, 0.5249912527233117, 0.7348403050108934, 0.877301448801743
1261000: 0.877301448801743, 0.7500730882352938, 0.9680231808278863, 1.1217219553376903, 0.6818785511982568: 0.923874562455: 0.692013888888889, 0.5249912527233117, 0.7348403050108934, 0.877301448801743, 0.7500730882352938
1291000: 0.7500730882352938, 0.9680231808278863, 1.1217219553376903, 0.6818785511982568, 0.8162348148148149: 0.87327844045: 0.5249912527233117, 0.7348403050108934, 0.877301448801743, 0.7500730882352938, 0.9680231808278863
1321000: 0.9680231808278863, 1.1217219553376903, 0.6818785511982568, 0.8162348148148149, 1.1011962962962962: 0.866436554103: 0.7348403050108934, 0.877301448801743, 0.7500730882352938, 0.9680231808278863, 1.1217219553376903
1351000: 1.1217219553376903, 0.6818785511982568, 0.8162348148148149, 1.1011962962962962, 0.5932779302832245: 0.836903013798: 0.877301448801743, 0.7500730882352938, 0.9680231808278863, 1.1217219553376903, 0.6818785511982568
1381000: 0.6818785511982568, 0.8162348148148149, 1.1011962962962962, 0.5932779302832245, 0.670347233115468: 0.788273819898: 0.7500730882352938, 0.9680231808278863, 1.1217219553376903, 0.6818785511982568, 0.8162348148148149
1411000: 0.8162348148148149, 1.1011962962962962, 0.5932779302832245, 0.670347233115468, 1.093747450980392: 0.78579087146: 0.9680231808278863, 1.1217219553376903, 0.6818785511982568, 0.8162348148148149, 1.1011962962962962
1441000: 1.1011962962962962, 0.5932779302832245, 0.670347233115468, 1.093747450980392, 1.4123961546840955: 1.05883027959: 1.1217219553376903, 0.6818785511982568, 0.8162348148148149, 1.1011962962962962, 0.5932779302832245
1471000: 0.5932779302832245, 0.670347233115468, 1.093747450980392, 1.4123961546840955, 1.6275273774509809: 1.37789032771: 0.6818785511982568, 0.8162348148148149, 1.1011962962962962, 0.5932779302832245, 0.670347233115468
1501000: 0.670347233115468, 1.093747450980392, 1.4123961546840955, 1.6275273774509809, 1.3990974240676664: 1.47967365207: 0.8162348148148149, 1.1011962962962962, 0.5932779302832245, 0.670347233115468, 1.093747450980392
1531000: 1.093747450980392, 1.4123961546840955, 1.6275273774509809, 1.3990974240676664, 1.4066177510252469: 1.47774751751: 1.1011962962962962, 0.5932779302832245, 0.670347233115468, 1.093747450980392, 1.4123961546840955
1561000: 1.4123961546840955, 1.6275273774509809, 1.3990974240676664, 1.4066177510252469, 1.2545815061514805: 1.35343222708: 0.5932779302832245, 0.670347233115468, 1.093747450980392, 1.4123961546840955, 1.6275273774509809
1591000: 1.6275273774509809, 1.3990974240676664, 1.4066177510252469, 1.2545815061514805, 0.869230413943355: 1.17680989037: 0.670347233115468, 1.093747450980392, 1.4123961546840955, 1.6275273774509809, 1.3990974240676664
1621000: 1.3990974240676664, 1.4066177510252469, 1.2545815061514805, 0.869230413943355, 0.86154954248366: 0.995120487526: 1.093747450980392, 1.4123961546840955, 1.6275273774509809, 1.3990974240676664, 1.4066177510252469
1651000: 1.4066177510252469, 1.2545815061514805, 0.869230413943355, 0.86154954248366, 1.0230838562091502: 0.917954604212: 1.4123961546840955, 1.6275273774509809, 1.3990974240676664, 1.4066177510252469, 1.2545815061514805
1681000: 1.2545815061514805, 0.869230413943355, 0.86154954248366, 1.0230838562091502, 1.140625708061002: 1.00841970225: 1.6275273774509809, 1.3990974240676664, 1.4066177510252469, 1.2545815061514805, 0.869230413943355
1711000: 0.869230413943355, 0.86154954248366, 1.0230838562091502, 1.140625708061002, 0.6810727015250543: 0.948260755265: 1.3990974240676664, 1.4066177510252469, 1.2545815061514805, 0.869230413943355, 0.86154954248366
1741000: 0.86154954248366, 1.0230838562091502, 1.140625708061002, 0.6810727015250543, 0.6813129411764706: 0.834337116921: 1.4066177510252469, 1.2545815061514805, 0.869230413943355, 0.86154954248366, 1.0230838562091502
1771000: 1.0230838562091502, 1.140625708061002, 0.6810727015250543, 0.6813129411764706, 0.8771202638499839: 0.746501968851: 1.2545815061514805, 0.869230413943355, 0.86154954248366, 1.0230838562091502, 1.140625708061002
1801000: 1.140625708061002, 0.6810727015250543, 0.6813129411764706, 0.8771202638499839, 0.3928241448801743: 0.650419116636: 0.869230413943355, 0.86154954248366, 1.0230838562091502, 1.140625708061002, 0.6810727015250543
1831000: 0.6810727015250543, 0.6813129411764706, 0.8771202638499839, 0.3928241448801743, 0.6247144692654839: 0.631552959332: 0.86154954248366, 1.0230838562091502, 1.140625708061002, 0.6810727015250543, 0.6813129411764706
1861000: 0.6813129411764706, 0.8771202638499839, 0.3928241448801743, 0.6247144692654839, 1.2156901525054464: 0.744409588884: 1.0230838562091502, 1.140625708061002, 0.6810727015250543, 0.6813129411764706, 0.8771202638499839
1891000: 0.8771202638499839, 0.3928241448801743, 0.6247144692654839, 1.2156901525054464, 0.8205718518518519: 0.886992157874: 1.140625708061002, 0.6810727015250543, 0.6813129411764706, 0.8771202638499839, 0.3928241448801743
1921000: 0.3928241448801743, 0.6247144692654839, 1.2156901525054464, 0.8205718518518519, 0.4848442701525054: 0.84036875817: 0.6810727015250543, 0.6813129411764706, 0.8771202638499839, 0.3928241448801743, 0.6247144692654839
1951000: 0.6247144692654839, 1.2156901525054464, 0.8205718518518519, 0.4848442701525054, 0.9535651851851856: 0.752993769063: 0.6813129411764706, 0.8771202638499839, 0.3928241448801743, 0.6247144692654839, 1.2156901525054464
1981000: 1.2156901525054464, 0.8205718518518519, 0.4848442701525054, 0.9535651851851856, 0.7326133333333334: 0.72367426289: 0.8771202638499839, 0.3928241448801743, 0.6247144692654839, 1.2156901525054464, 0.8205718518518519
2011000: 0.8205718518518519, 0.4848442701525054, 0.9535651851851856, 0.7326133333333334, 0.5324546405228754: 0.739544386347: 0.3928241448801743, 0.6247144692654839, 1.2156901525054464, 0.8205718518518519, 0.4848442701525054
2041000: 0.4848442701525054, 0.9535651851851856, 0.7326133333333334, 0.5324546405228754, 0.4377583879050678: 0.567608787254: 0.6247144692654839, 1.2156901525054464, 0.8205718518518519, 0.4848442701525054, 0.9535651851851856
2071000: 0.9535651851851856, 0.7326133333333334, 0.5324546405228754, 0.4377583879050678, 0.7947758801901171: 0.588329636206: 1.2156901525054464, 0.8205718518518519, 0.4848442701525054, 0.9535651851851856, 0.7326133333333334
2101000: 0.7326133333333334, 0.5324546405228754, 0.4377583879050678, 0.7947758801901171, 0.8843450612712129: 0.705626443122: 0.8205718518518519, 0.4848442701525054, 0.9535651851851856, 0.7326133333333334, 0.5324546405228754
2131000: 0.5324546405228754, 0.4377583879050678, 0.7947758801901171, 0.8843450612712129, 0.25137637072908253: 0.643499104063: 0.4848442701525054, 0.9535651851851856, 0.7326133333333334, 0.5324546405228754, 0.4377583879050678
2161000: 0.4377583879050678, 0.7947758801901171, 0.8843450612712129, 0.25137637072908253, 0.16516509803921567: 0.433628843347: 0.9535651851851856, 0.7326133333333334, 0.5324546405228754, 0.4377583879050678, 0.7947758801901171
2191000: 0.7947758801901171, 0.8843450612712129, 0.25137637072908253, 0.16516509803921567, 0.19959607843137248: 0.2053791824: 0.7326133333333334, 0.5324546405228754, 0.4377583879050678, 0.7947758801901171, 0.8843450612712129
2221000: 0.8843450612712129, 0.25137637072908253, 0.16516509803921567, 0.19959607843137248, 0.15058545391602965: 0.171782210129: 0.5324546405228754, 0.4377583879050678, 0.7947758801901171, 0.8843450612712129, 0.25137637072908253
2251000: 0.25137637072908253, 0.16516509803921567, 0.19959607843137248, 0.15058545391602965, 0.05994380987472365: 0.136708447407: 0.4377583879050678, 0.7947758801901171, 0.8843450612712129, 0.25137637072908253, 0.16516509803921567
2281000: 0.16516509803921567, 0.19959607843137248, 0.15058545391602965, 0.05994380987472365, 0.09067495726588354: 0.100401407019: 0.7947758801901171, 0.8843450612712129, 0.25137637072908253, 0.16516509803921567, 0.19959607843137248
2311000: 0.19959607843137248, 0.15058545391602965, 0.05994380987472365, 0.09067495726588354, 0.5023884759874965: 0.217669081043: 0.8843450612712129, 0.25137637072908253, 0.16516509803921567, 0.19959607843137248, 0.15058545391602965
2341000: 0.15058545391602965, 0.05994380987472365, 0.09067495726588354, 0.5023884759874965, 0.9263230733162828: 0.506462168857: 0.25137637072908253, 0.16516509803921567, 0.19959607843137248, 0.15058545391602965, 0.05994380987472365
2371000: 0.05994380987472365, 0.09067495726588354, 0.5023884759874965, 0.9263230733162828, 1.1027822889078334: 0.843831279404: 0.16516509803921567, 0.19959607843137248, 0.15058545391602965, 0.05994380987472365, 0.09067495726588354
2401000: 0.09067495726588354, 0.5023884759874965, 0.9263230733162828, 1.1027822889078334, 1.5005243743487733: 1.17654324552: 0.19959607843137248, 0.15058545391602965, 0.05994380987472365, 0.09067495726588354, 0.5023884759874965
2431000: 0.5023884759874965, 0.9263230733162828, 1.1027822889078334, 1.5005243743487733, 2.443027099933693: 1.6821112544: 0.15058545391602965, 0.05994380987472365, 0.09067495726588354, 0.5023884759874965, 0.9263230733162828
2461000: 0.9263230733162828, 1.1027822889078334, 1.5005243743487733, 2.443027099933693, 2.5320825163398695: 2.15854466354: 0.05994380987472365, 0.09067495726588354, 0.5023884759874965, 0.9263230733162828, 1.1027822889078334
2491000: 1.1027822889078334, 1.5005243743487733, 2.443027099933693, 2.5320825163398695, 1.5116871199529818: 2.16226557874: 0.09067495726588354, 0.5023884759874965, 0.9263230733162828, 1.1027822889078334, 1.5005243743487733
2521000: 1.5005243743487733, 2.443027099933693, 2.5320825163398695, 1.5116871199529818, 1.4640591932899296: 1.83594294319: 0.5023884759874965, 0.9263230733162828, 1.1027822889078334, 1.5005243743487733, 2.443027099933693
2551000: 2.443027099933693, 2.5320825163398695, 1.5116871199529818, 1.4640591932899296, 1.1457817640119112: 1.37384269242: 0.9263230733162828, 1.1027822889078334, 1.5005243743487733, 2.443027099933693, 2.5320825163398695
2581000: 2.5320825163398695, 1.5116871199529818, 1.4640591932899296, 1.1457817640119112, 0.7036093579924463: 1.10448343843: 1.1027822889078334, 1.5005243743487733, 2.443027099933693, 2.5320825163398695, 1.5116871199529818
2611000: 1.5116871199529818, 1.4640591932899296, 1.1457817640119112, 0.7036093579924463, 1.0798585213364622: 0.97641654778: 1.5005243743487733, 2.443027099933693, 2.5320825163398695, 1.5116871199529818, 1.4640591932899296
2641000: 1.4640591932899296, 1.1457817640119112, 0.7036093579924463, 1.0798585213364622, 1.522639926922721: 1.10203593542: 2.443027099933693, 2.5320825163398695, 1.5116871199529818, 1.4640591932899296, 1.1457817640119112
2671000: 1.1457817640119112, 0.7036093579924463, 1.0798585213364622, 1.522639926922721, 2.342308327318916: 1.64826892519: 2.5320825163398695, 1.5116871199529818, 1.4640591932899296, 1.1457817640119112, 0.7036093579924463
2701000: 0.7036093579924463, 1.0798585213364622, 1.522639926922721, 2.342308327318916, 2.861067352646764: 2.2420052023: 1.5116871199529818, 1.4640591932899296, 1.1457817640119112, 0.7036093579924463, 1.0798585213364622
2731000: 1.0798585213364622, 1.522639926922721, 2.342308327318916, 2.861067352646764, 2.7421292620982323: 2.64850164735: 1.4640591932899296, 1.1457817640119112, 0.7036093579924463, 1.0798585213364622, 1.522639926922721
2761000: 1.522639926922721, 2.342308327318916, 2.861067352646764, 2.7421292620982323, 2.4468235006014414: 2.68334003845: 1.1457817640119112, 0.7036093579924463, 1.0798585213364622, 1.522639926922721, 2.342308327318916
2791000: 2.342308327318916, 2.861067352646764, 2.7421292620982323, 2.4468235006014414, 1.8356379391786743: 2.34153023396: 0.7036093579924463, 1.0798585213364622, 1.522639926922721, 2.342308327318916, 2.861067352646764
2821000: 2.861067352646764, 2.7421292620982323, 2.4468235006014414, 1.8356379391786743, 1.7254294117647058: 2.00263028385: 1.0798585213364622, 1.522639926922721, 2.342308327318916, 2.861067352646764, 2.7421292620982323
2851000: 2.7421292620982323, 2.4468235006014414, 1.8356379391786743, 1.7254294117647058, 1.7889977723311552: 1.78335504109: 1.522639926922721, 2.342308327318916, 2.861067352646764, 2.7421292620982323, 2.4468235006014414
2881000: 2.4468235006014414, 1.8356379391786743, 1.7254294117647058, 1.7889977723311552, 0.8430451525054468: 1.45249077887: 2.342308327318916, 2.861067352646764, 2.7421292620982323, 2.4468235006014414, 1.8356379391786743
2911000: 1.8356379391786743, 1.7254294117647058, 1.7889977723311552, 0.8430451525054468, 0.1641501252723311: 0.932064350036: 2.861067352646764, 2.7421292620982323, 2.4468235006014414, 1.8356379391786743, 1.7254294117647058
2941000: 1.7254294117647058, 1.7889977723311552, 0.8430451525054468, 0.1641501252723311, 0.38510861655773415: 0.464101298112: 2.7421292620982323, 2.4468235006014414, 1.8356379391786743, 1.7254294117647058, 1.7889977723311552
2971000: 1.7889977723311552, 0.8430451525054468, 0.1641501252723311, 0.38510861655773415, 0.8524340522875821: 0.467230931373: 2.4468235006014414, 1.8356379391786743, 1.7254294117647058, 1.7889977723311552, 0.8430451525054468
3001000: 0.8430451525054468, 0.1641501252723311, 0.38510861655773415, 0.8524340522875821, 1.1727328867102398: 0.803425185185: 1.8356379391786743, 1.7254294117647058, 1.7889977723311552, 0.8430451525054468, 0.1641501252723311
3031000: 0.1641501252723311, 0.38510861655773415, 0.8524340522875821, 1.1727328867102398, 1.3317111233660133: 1.11895935412: 1.7254294117647058, 1.7889977723311552, 0.8430451525054468, 0.1641501252723311, 0.38510861655773415
3061000: 0.38510861655773415, 0.8524340522875821, 1.1727328867102398, 1.3317111233660133, 1.7037384797645188: 1.40272749661: 1.7889977723311552, 0.8430451525054468, 0.1641501252723311, 0.38510861655773415, 0.8524340522875821
3091000: 0.8524340522875821, 1.1727328867102398, 1.3317111233660133, 1.7037384797645188, 1.6810548457499321: 1.57216814963: 0.8430451525054468, 0.1641501252723311, 0.38510861655773415, 0.8524340522875821, 1.1727328867102398
3121000: 1.1727328867102398, 1.3317111233660133, 1.7037384797645188, 1.6810548457499321, 1.2858959860834522: 1.5568964372: 0.1641501252723311, 0.38510861655773415, 0.8524340522875821, 1.1727328867102398, 1.3317111233660133
3151000: 1.3317111233660133, 1.7037384797645188, 1.6810548457499321, 1.2858959860834522, 1.2469638180827884: 1.40463821664: 0.38510861655773415, 0.8524340522875821, 1.1727328867102398, 1.3317111233660133, 1.7037384797645188
3181000: 1.7037384797645188, 1.6810548457499321, 1.2858959860834522, 1.2469638180827884, 0.9253659422657952: 1.15274191548: 0.8524340522875821, 1.1727328867102398, 1.3317111233660133, 1.7037384797645188, 1.6810548457499321
3211000: 1.6810548457499321, 1.2858959860834522, 1.2469638180827884, 0.9253659422657952, 0.34295070031658503: 0.838426820222: 1.1727328867102398, 1.3317111233660133, 1.7037384797645188, 1.6810548457499321, 1.2858959860834522
3241000: 1.2858959860834522, 1.2469638180827884, 0.9253659422657952, 0.34295070031658503, 0.17081515489898216: 0.47971059916: 1.3317111233660133, 1.7037384797645188, 1.6810548457499321, 1.2858959860834522, 1.2469638180827884
3271000: 1.2469638180827884, 0.9253659422657952, 0.34295070031658503, 0.17081515489898216, 0.7338318674045141: 0.41586590754: 1.7037384797645188, 1.6810548457499321, 1.2858959860834522, 1.2469638180827884, 0.9253659422657952
3301000: 0.9253659422657952, 0.34295070031658503, 0.17081515489898216, 0.7338318674045141, 2.219958011950657: 1.04153501142: 1.6810548457499321, 1.2858959860834522, 1.2469638180827884, 0.9253659422657952, 0.34295070031658503
3331000: 0.34295070031658503, 0.17081515489898216, 0.7338318674045141, 2.219958011950657, 2.600025294117646: 1.85127172449: 1.2858959860834522, 1.2469638180827884, 0.9253659422657952, 0.34295070031658503, 0.17081515489898216
3361000: 0.17081515489898216, 0.7338318674045141, 2.219958011950657, 2.600025294117646, 1.6572455555555552: 2.15907628721: 1.2469638180827884, 0.9253659422657952, 0.34295070031658503, 0.17081515489898216, 0.7338318674045141
3391000: 0.7338318674045141, 2.219958011950657, 2.600025294117646, 1.6572455555555552, 1.4807603703703707: 1.91267707335: 0.9253659422657952, 0.34295070031658503, 0.17081515489898216, 0.7338318674045141, 2.219958011950657
3421000: 2.219958011950657, 2.600025294117646, 1.6572455555555552, 1.4807603703703707, 1.2546491775599125: 1.46421836783: 0.34295070031658503, 0.17081515489898216, 0.7338318674045141, 2.219958011950657, 2.600025294117646
3451000: 2.600025294117646, 1.6572455555555552, 1.4807603703703707, 1.2546491775599125, 0.7574465141612202: 1.16428535403: 0.17081515489898216, 0.7338318674045141, 2.219958011950657, 2.600025294117646, 1.6572455555555552
3481000: 1.6572455555555552, 1.4807603703703707, 1.2546491775599125, 0.7574465141612202, 0.5894472058823529: 0.867180965868: 0.7338318674045141, 2.219958011950657, 2.600025294117646, 1.6572455555555552, 1.4807603703703707
3511000: 1.4807603703703707, 1.2546491775599125, 0.7574465141612202, 0.5894472058823529, 0.4997020043572986: 0.615531908134: 2.219958011950657, 2.600025294117646, 1.6572455555555552, 1.4807603703703707, 1.2546491775599125
3541000: 1.2546491775599125, 0.7574465141612202, 0.5894472058823529, 0.4997020043572986, 0.3898260566448803: 0.492991755628: 2.600025294117646, 1.6572455555555552, 1.4807603703703707, 1.2546491775599125, 0.7574465141612202
3571000: 0.7574465141612202, 0.5894472058823529, 0.4997020043572986, 0.3898260566448803, 0.4067542919389978: 0.432094117647: 1.6572455555555552, 1.4807603703703707, 1.2546491775599125, 0.7574465141612202, 0.5894472058823529
3601000: 0.5894472058823529, 0.4997020043572986, 0.3898260566448803, 0.4067542919389978, 1.0859826143790845: 0.627520987654: 1.4807603703703707, 1.2546491775599125, 0.7574465141612202, 0.5894472058823529, 0.4997020043572986
3631000: 0.4997020043572986, 0.3898260566448803, 0.4067542919389978, 1.0859826143790845, 2.4200075435729858: 1.30424814996: 1.2546491775599125, 0.7574465141612202, 0.5894472058823529, 0.4997020043572986, 0.3898260566448803
3661000: 0.3898260566448803, 0.4067542919389978, 1.0859826143790845, 2.4200075435729858, 2.242267930283225: 1.91608602941: 0.7574465141612202, 0.5894472058823529, 0.4997020043572986, 0.3898260566448803, 0.4067542919389978
3691000: 0.4067542919389978, 1.0859826143790845, 2.4200075435729858, 2.242267930283225, 1.0686521078431368: 1.9103091939: 0.5894472058823529, 0.4997020043572986, 0.3898260566448803, 0.4067542919389978, 1.0859826143790845
3721000: 1.0859826143790845, 2.4200075435729858, 2.242267930283225, 1.0686521078431368, 1.3766310239651418: 1.5625170207: 0.4997020043572986, 0.3898260566448803, 0.4067542919389978, 1.0859826143790845, 2.4200075435729858
3751000: 2.4200075435729858, 2.242267930283225, 1.0686521078431368, 1.3766310239651418, 1.3754993899782137: 1.27359417393: 0.3898260566448803, 0.4067542919389978, 1.0859826143790845, 2.4200075435729858, 2.242267930283225
3781000: 2.242267930283225, 1.0686521078431368, 1.3766310239651418, 1.3754993899782137, 1.0676125434878811: 1.27324765248: 0.4067542919389978, 1.0859826143790845, 2.4200075435729858, 2.242267930283225, 1.0686521078431368
3811000: 1.0686521078431368, 1.3766310239651418, 1.3754993899782137, 1.0676125434878811, 1.9918450772101373: 1.47831900356: 1.0859826143790845, 2.4200075435729858, 2.242267930283225, 1.0686521078431368, 1.3766310239651418
3841000: 1.3766310239651418, 1.3754993899782137, 1.0676125434878811, 1.9918450772101373, 2.207665155601086: 1.7557075921: 2.4200075435729858, 2.242267930283225, 1.0686521078431368, 1.3766310239651418, 1.3754993899782137
3871000: 1.3754993899782137, 1.0676125434878811, 1.9918450772101373, 2.207665155601086, 1.4885695484116492: 1.89602659374: 2.242267930283225, 1.0686521078431368, 1.3766310239651418, 1.3754993899782137, 1.0676125434878811
3901000: 1.0676125434878811, 1.9918450772101373, 2.207665155601086, 1.4885695484116492, 1.9177335265022895: 1.87132274351: 1.0686521078431368, 1.3766310239651418, 1.3754993899782137, 1.0676125434878811, 1.9918450772101373
3931000: 1.9918450772101373, 2.207665155601086, 1.4885695484116492, 1.9177335265022895, 2.8666412732678235: 2.09098144939: 1.3766310239651418, 1.3754993899782137, 1.0676125434878811, 1.9918450772101373, 2.207665155601086
3961000: 2.207665155601086, 1.4885695484116492, 1.9177335265022895, 2.8666412732678235, 3.2057259424778937: 2.66336691408: 1.3754993899782137, 1.0676125434878811, 1.9918450772101373, 2.207665155601086, 1.4885695484116492
3991000: 1.4885695484116492, 1.9177335265022895, 2.8666412732678235, 3.2057259424778937, 3.7109551118870985: 3.26110744254: 1.0676125434878811, 1.9918450772101373, 2.207665155601086, 1.4885695484116492, 1.9177335265022895
4021000: 1.9177335265022895, 2.8666412732678235, 3.2057259424778937, 3.7109551118870985, 4.119963399367399: 3.67888148458: 1.9918450772101373, 2.207665155601086, 1.4885695484116492, 1.9177335265022895, 2.8666412732678235
4051000: 2.8666412732678235, 3.2057259424778937, 3.7109551118870985, 4.119963399367399, 3.272363981008169: 3.70109416409: 2.207665155601086, 1.4885695484116492, 1.9177335265022895, 2.8666412732678235, 3.2057259424778937
4081000: 3.2057259424778937, 3.7109551118870985, 4.119963399367399, 3.272363981008169, 1.9310076425671086: 3.10777834098: 1.4885695484116492, 1.9177335265022895, 2.8666412732678235, 3.2057259424778937, 3.7109551118870985
4111000: 3.7109551118870985, 4.119963399367399, 3.272363981008169, 1.9310076425671086, 1.1697560104882136: 2.12437587802: 1.9177335265022895, 2.8666412732678235, 3.2057259424778937, 3.7109551118870985, 4.119963399367399
4141000: 4.119963399367399, 3.272363981008169, 1.9310076425671086, 1.1697560104882136, 0.8529629337703643: 1.31790886228: 2.8666412732678235, 3.2057259424778937, 3.7109551118870985, 4.119963399367399, 3.272363981008169
4171000: 3.272363981008169, 1.9310076425671086, 1.1697560104882136, 0.8529629337703643, 0.7976177509955765: 0.940112231751: 3.2057259424778937, 3.7109551118870985, 4.119963399367399, 3.272363981008169, 1.9310076425671086
4201000: 1.9310076425671086, 1.1697560104882136, 0.8529629337703643, 0.7976177509955765, 0.8467535926182358: 0.832444759128: 3.7109551118870985, 4.119963399367399, 3.272363981008169, 1.9310076425671086, 1.1697560104882136
4231000: 1.1697560104882136, 0.8529629337703643, 0.7976177509955765, 0.8467535926182358, 1.3575358400486228: 1.00063572789: 4.119963399367399, 3.272363981008169, 1.9310076425671086, 1.1697560104882136, 0.8529629337703643
4261000: 0.8529629337703643, 0.7976177509955765, 0.8467535926182358, 1.3575358400486228, 2.749365377302231: 1.65121826999: 3.272363981008169, 1.9310076425671086, 1.1697560104882136, 0.8529629337703643, 0.7976177509955765
4291000: 0.7976177509955765, 0.8467535926182358, 1.3575358400486228, 2.749365377302231, 3.312920201312905: 2.47327380622: 1.9310076425671086, 1.1697560104882136, 0.8529629337703643, 0.7976177509955765, 0.8467535926182358
4321000: 0.8467535926182358, 1.3575358400486228, 2.749365377302231, 3.312920201312905, 3.390631476849317: 3.15097235182: 1.1697560104882136, 0.8529629337703643, 0.7976177509955765, 0.8467535926182358, 1.3575358400486228
4351000: 1.3575358400486228, 2.749365377302231, 3.312920201312905, 3.390631476849317, 2.5467553398871283: 3.08343567268: 0.8529629337703643, 0.7976177509955765, 0.8467535926182358, 1.3575358400486228, 2.749365377302231
4381000: 2.749365377302231, 3.312920201312905, 3.390631476849317, 2.5467553398871283, 2.0984050233305984: 2.67859728002: 0.7976177509955765, 0.8467535926182358, 1.3575358400486228, 2.749365377302231, 3.312920201312905
4411000: 3.312920201312905, 3.390631476849317, 2.5467553398871283, 2.0984050233305984, 3.8130168977076084: 2.81939242031: 0.8467535926182358, 1.3575358400486228, 2.749365377302231, 3.312920201312905, 3.390631476849317
4441000: 3.390631476849317, 2.5467553398871283, 2.0984050233305984, 3.8130168977076084, 4.280206166361512: 3.39720936247: 1.3575358400486228, 2.749365377302231, 3.312920201312905, 3.390631476849317, 2.5467553398871283
4471000: 2.5467553398871283, 2.0984050233305984, 3.8130168977076084, 4.280206166361512, 3.186444435599962: 3.75988916656: 2.749365377302231, 3.312920201312905, 3.390631476849317, 2.5467553398871283, 2.0984050233305984
4501000: 2.0984050233305984, 3.8130168977076084, 4.280206166361512, 3.186444435599962, 2.2882406983827135: 3.25163043345: 3.312920201312905, 3.390631476849317, 2.5467553398871283, 2.0984050233305984, 3.8130168977076084
4531000: 3.8130168977076084, 4.280206166361512, 3.186444435599962, 2.2882406983827135, 2.277717667416737: 2.58413426713: 3.390631476849317, 2.5467553398871283, 2.0984050233305984, 3.8130168977076084, 4.280206166361512
4561000: 4.280206166361512, 3.186444435599962, 2.2882406983827135, 2.277717667416737, 2.104703776427575: 2.22355404741: 2.5467553398871283, 2.0984050233305984, 3.8130168977076084, 4.280206166361512, 3.186444435599962
4591000: 3.186444435599962, 2.2882406983827135, 2.277717667416737, 2.104703776427575, 1.9102482649257304: 2.09755656959: 2.0984050233305984, 3.8130168977076084, 4.280206166361512, 3.186444435599962, 2.2882406983827135
4621000: 2.2882406983827135, 2.277717667416737, 2.104703776427575, 1.9102482649257304, 2.0041873535509658: 2.0063797983: 3.8130168977076084, 4.280206166361512, 3.186444435599962, 2.2882406983827135, 2.277717667416737
4651000: 2.277717667416737, 2.104703776427575, 1.9102482649257304, 2.0041873535509658, 2.0065070009746275: 1.97364753982: 4.280206166361512, 3.186444435599962, 2.2882406983827135, 2.277717667416737, 2.104703776427575
4681000: 2.104703776427575, 1.9102482649257304, 2.0041873535509658, 2.0065070009746275, 1.302958049251541: 1.77121746793: 3.186444435599962, 2.2882406983827135, 2.277717667416737, 2.104703776427575, 1.9102482649257304
4711000: 1.9102482649257304, 2.0041873535509658, 2.0065070009746275, 1.302958049251541, 0.5943950903925992: 1.30128671354: 2.2882406983827135, 2.277717667416737, 2.104703776427575, 1.9102482649257304, 2.0041873535509658
4741000: 2.0041873535509658, 2.0065070009746275, 1.302958049251541, 0.5943950903925992, 0.6629155633810592: 0.853422901008: 2.277717667416737, 2.104703776427575, 1.9102482649257304, 2.0041873535509658, 2.0065070009746275
4771000: 2.0065070009746275, 1.302958049251541, 0.5943950903925992, 0.6629155633810592, 1.081768380402324: 0.779693011392: 2.104703776427575, 1.9102482649257304, 2.0041873535509658, 2.0065070009746275, 1.302958049251541
4801000: 1.302958049251541, 0.5943950903925992, 0.6629155633810592, 1.081768380402324, 1.6685469800795754: 1.13774364129: 1.9102482649257304, 2.0041873535509658, 2.0065070009746275, 1.302958049251541, 0.5943950903925992
4831000: 0.5943950903925992, 0.6629155633810592, 1.081768380402324, 1.6685469800795754, 1.9311602309965643: 1.56049186383: 2.0041873535509658, 2.0065070009746275, 1.302958049251541, 0.5943950903925992, 0.6629155633810592
4861000: 0.6629155633810592, 1.081768380402324, 1.6685469800795754, 1.9311602309965643, 2.13483626464964: 1.91151449191: 2.0065070009746275, 1.302958049251541, 0.5943950903925992, 0.6629155633810592, 1.081768380402324
4891000: 1.081768380402324, 1.6685469800795754, 1.9311602309965643, 2.13483626464964, 2.6083795016021916: 2.22479199908: 1.302958049251541, 0.5943950903925992, 0.6629155633810592, 1.081768380402324, 1.6685469800795754
4921000: 1.6685469800795754, 1.9311602309965643, 2.13483626464964, 2.6083795016021916, 2.210612707282068: 2.31794282451: 0.5943950903925992, 0.6629155633810592, 1.081768380402324, 1.6685469800795754, 1.9311602309965643
4951000: 1.9311602309965643, 2.13483626464964, 2.6083795016021916, 2.210612707282068, 0.8690829478267939: 1.89602505224: 0.6629155633810592, 1.081768380402324, 1.6685469800795754, 1.9311602309965643, 2.13483626464964
4981000: 2.13483626464964, 2.6083795016021916, 2.210612707282068, 0.8690829478267939, 0.34951590648266456: 1.14307052053: 1.081768380402324, 1.6685469800795754, 1.9311602309965643, 2.13483626464964, 2.6083795016021916
5011000: 2.6083795016021916, 2.210612707282068, 0.8690829478267939, 0.34951590648266456, 0.4339135339827643: 0.550837462764: 1.6685469800795754, 1.9311602309965643, 2.13483626464964, 2.6083795016021916, 2.210612707282068
5041000: 2.210612707282068, 0.8690829478267939, 0.34951590648266456, 0.4339135339827643, 0.5906808695530993: 0.458036770006: 1.9311602309965643, 2.13483626464964, 2.6083795016021916, 2.210612707282068, 0.8690829478267939
5071000: 0.8690829478267939, 0.34951590648266456, 0.4339135339827643, 0.5906808695530993, 1.2380141757150924: 0.75420285975: 2.13483626464964, 2.6083795016021916, 2.210612707282068, 0.8690829478267939, 0.34951590648266456
5101000: 0.34951590648266456, 0.4339135339827643, 0.5906808695530993, 1.2380141757150924, 1.6817288780793775: 1.17014130778: 2.6083795016021916, 2.210612707282068, 0.8690829478267939, 0.34951590648266456, 0.4339135339827643
5131000: 0.4339135339827643, 0.5906808695530993, 1.2380141757150924, 1.6817288780793775, 1.4598144686990648: 1.4598525075: 2.210612707282068, 0.8690829478267939, 0.34951590648266456, 0.4339135339827643, 0.5906808695530993
5161000: 0.5906808695530993, 1.2380141757150924, 1.6817288780793775, 1.4598144686990648, 1.991573194640281: 1.71103884714: 0.8690829478267939, 0.34951590648266456, 0.4339135339827643, 0.5906808695530993, 1.2380141757150924
5191000: 1.2380141757150924, 1.6817288780793775, 1.4598144686990648, 1.991573194640281, 3.5430421212775083: 2.33147659487: 0.34951590648266456, 0.4339135339827643, 0.5906808695530993, 1.2380141757150924, 1.6817288780793775
5221000: 1.6817288780793775, 1.4598144686990648, 1.991573194640281, 3.5430421212775083, 3.9246854753053606: 3.15310026374: 0.4339135339827643, 0.5906808695530993, 1.2380141757150924, 1.6817288780793775, 1.4598144686990648
5251000: 1.4598144686990648, 1.991573194640281, 3.5430421212775083, 3.9246854753053606, 2.3623349332404104: 3.27668750994: 0.5906808695530993, 1.2380141757150924, 1.6817288780793775, 1.4598144686990648, 1.991573194640281
5281000: 1.991573194640281, 3.5430421212775083, 3.9246854753053606, 2.3623349332404104, 1.2264231710285025: 2.50448119319: 1.2380141757150924, 1.6817288780793775, 1.4598144686990648, 1.991573194640281, 3.5430421212775083
5311000: 3.5430421212775083, 3.9246854753053606, 2.3623349332404104, 1.2264231710285025, 1.3426688892641478: 1.64380899784: 1.6817288780793775, 1.4598144686990648, 1.991573194640281, 3.5430421212775083, 3.9246854753053606
5341000: 3.9246854753053606, 2.3623349332404104, 1.2264231710285025, 1.3426688892641478, 1.040032147823315: 1.20304140271: 1.4598144686990648, 1.991573194640281, 3.5430421212775083, 3.9246854753053606, 2.3623349332404104
5371000: 2.3623349332404104, 1.2264231710285025, 1.3426688892641478, 1.040032147823315, 0.3954884531590412: 0.926063163416: 1.991573194640281, 3.5430421212775083, 3.9246854753053606, 2.3623349332404104, 1.2264231710285025
5401000: 1.2264231710285025, 1.3426688892641478, 1.040032147823315, 0.3954884531590412, 0.17679442785538116: 0.537438342946: 3.5430421212775083, 3.9246854753053606, 2.3623349332404104, 1.2264231710285025, 1.3426688892641478
5431000: 1.3426688892641478, 1.040032147823315, 0.3954884531590412, 0.17679442785538116, 0.2789367071873503: 0.283739862734: 3.9246854753053606, 2.3623349332404104, 1.2264231710285025, 1.3426688892641478, 1.040032147823315
5461000: 1.040032147823315, 0.3954884531590412, 0.17679442785538116, 0.2789367071873503, 1.9882469201403807: 0.814659351728: 2.3623349332404104, 1.2264231710285025, 1.3426688892641478, 1.040032147823315, 0.3954884531590412
5491000: 0.3954884531590412, 0.17679442785538116, 0.2789367071873503, 1.9882469201403807, 3.636835970355262: 1.96800653256: 1.2264231710285025, 1.3426688892641478, 1.040032147823315, 0.3954884531590412, 0.17679442785538116
5521000: 0.17679442785538116, 0.2789367071873503, 1.9882469201403807, 3.636835970355262, 3.2805040271304984: 2.96852897254: 1.3426688892641478, 1.040032147823315, 0.3954884531590412, 0.17679442785538116, 0.2789367071873503
5551000: 0.2789367071873503, 1.9882469201403807, 3.636835970355262, 3.2805040271304984, 2.930046821173129: 3.28246227289: 1.040032147823315, 0.3954884531590412, 0.17679442785538116, 0.2789367071873503, 1.9882469201403807
5581000: 1.9882469201403807, 3.636835970355262, 3.2805040271304984, 2.930046821173129, 3.7802209361634964: 3.33025726149: 0.3954884531590412, 0.17679442785538116, 0.2789367071873503, 1.9882469201403807, 3.636835970355262
5611000: 3.636835970355262, 3.2805040271304984, 2.930046821173129, 3.7802209361634964, 5.552747431859854: 4.08767172973: 0.17679442785538116, 0.2789367071873503, 1.9882469201403807, 3.636835970355262, 3.2805040271304984
5641000: 3.2805040271304984, 2.930046821173129, 3.7802209361634964, 5.552747431859854, 5.2480983494328335: 4.86035557249: 0.2789367071873503, 1.9882469201403807, 3.636835970355262, 3.2805040271304984, 2.930046821173129
5671000: 2.930046821173129, 3.7802209361634964, 5.552747431859854, 5.2480983494328335, 3.2613124237983158: 4.68738606836: 1.9882469201403807, 3.636835970355262, 3.2805040271304984, 2.930046821173129, 3.7802209361634964
5701000: 3.7802209361634964, 5.552747431859854, 5.2480983494328335, 3.2613124237983158, 2.069198662408721: 3.52620314521: 3.636835970355262, 3.2805040271304984, 2.930046821173129, 3.7802209361634964, 5.552747431859854
5731000: 5.552747431859854, 5.2480983494328335, 3.2613124237983158, 2.069198662408721, 1.3176866847808069: 2.21606592366: 3.2805040271304984, 2.930046821173129, 3.7802209361634964, 5.552747431859854, 5.2480983494328335
5761000: 5.2480983494328335, 3.2613124237983158, 2.069198662408721, 1.3176866847808069, 0.9489888533435266: 1.44529140018: 2.930046821173129, 3.7802209361634964, 5.552747431859854, 5.2480983494328335, 3.2613124237983158
5791000: 3.2613124237983158, 2.069198662408721, 1.3176866847808069, 0.9489888533435266, 1.4394119400907173: 1.23536249274: 3.7802209361634964, 5.552747431859854, 5.2480983494328335, 3.2613124237983158, 2.069198662408721
5821000: 2.069198662408721, 1.3176866847808069, 0.9489888533435266, 1.4394119400907173, 2.31062137435125: 1.5663407226: 5.552747431859854, 5.2480983494328335, 3.2613124237983158, 2.069198662408721, 1.3176866847808069
5851000: 1.3176866847808069, 0.9489888533435266, 1.4394119400907173, 2.31062137435125, 1.9626390747417977: 1.90422412973: 5.2480983494328335, 3.2613124237983158, 2.069198662408721, 1.3176866847808069, 0.9489888533435266
5881000: 0.9489888533435266, 1.4394119400907173, 2.31062137435125, 1.9626390747417977, 0.9504250809623477: 1.74122851002: 3.2613124237983158, 2.069198662408721, 1.3176866847808069, 0.9489888533435266, 1.4394119400907173
5911000: 1.4394119400907173, 2.31062137435125, 1.9626390747417977, 0.9504250809623477, 0.8284186923806037: 1.24716094936: 2.069198662408721, 1.3176866847808069, 0.9489888533435266, 1.4394119400907173, 2.31062137435125
5941000: 2.31062137435125, 1.9626390747417977, 0.9504250809623477, 0.8284186923806037, 0.9612404951644894: 0.913361422836: 1.3176866847808069, 0.9489888533435266, 1.4394119400907173, 2.31062137435125, 1.9626390747417977
5971000: 1.9626390747417977, 0.9504250809623477, 0.8284186923806037, 0.9612404951644894, 1.419905765370008: 1.06985498431: 0.9489888533435266, 1.4394119400907173, 2.31062137435125, 1.9626390747417977, 0.9504250809623477
6001000: 0.9504250809623477, 0.8284186923806037, 0.9612404951644894, 1.419905765370008, 1.5533480467655676: 1.31149810243: 1.4394119400907173, 2.31062137435125, 1.9626390747417977, 0.9504250809623477, 0.8284186923806037
6031000: 0.8284186923806037, 0.9612404951644894, 1.419905765370008, 1.5533480467655676, 0.9680153553832783: 1.31375638917: 2.31062137435125, 1.9626390747417977, 0.9504250809623477, 0.8284186923806037, 0.9612404951644894
6061000: 0.9612404951644894, 1.419905765370008, 1.5533480467655676, 0.9680153553832783, 0.8494435248799174: 1.12360230901: 1.9626390747417977, 0.9504250809623477, 0.8284186923806037, 0.9612404951644894, 1.419905765370008
6091000: 1.419905765370008, 1.5533480467655676, 0.9680153553832783, 0.8494435248799174, 1.405734553838652: 1.07439781137: 0.9504250809623477, 0.8284186923806037, 0.9612404951644894, 1.419905765370008, 1.5533480467655676
6121000: 1.5533480467655676, 0.9680153553832783, 0.8494435248799174, 1.405734553838652, 1.8061566424984365: 1.35377824041: 0.8284186923806037, 0.9612404951644894, 1.419905765370008, 1.5533480467655676, 0.9680153553832783
6151000: 0.9680153553832783, 0.8494435248799174, 1.405734553838652, 1.8061566424984365, 1.3071926206092757: 1.50636127232: 0.9612404951644894, 1.419905765370008, 1.5533480467655676, 0.9680153553832783, 0.8494435248799174
6181000: 0.8494435248799174, 1.405734553838652, 1.8061566424984365, 1.3071926206092757, 0.8445598084497158: 1.31930302385: 1.419905765370008, 1.5533480467655676, 0.9680153553832783, 0.8494435248799174, 1.405734553838652
6211000: 1.405734553838652, 1.8061566424984365, 1.3071926206092757, 0.8445598084497158, 1.337030155070329: 1.16292752804: 1.5533480467655676, 0.9680153553832783, 0.8494435248799174, 1.405734553838652, 1.8061566424984365
6241000: 1.8061566424984365, 1.3071926206092757, 0.8445598084497158, 1.337030155070329, 2.6207841353403745: 1.60079136629: 0.9680153553832783, 0.8494435248799174, 1.405734553838652, 1.8061566424984365, 1.3071926206092757
6271000: 1.3071926206092757, 0.8445598084497158, 1.337030155070329, 2.6207841353403745, 2.84683437011864: 2.26821622018: 0.8494435248799174, 1.405734553838652, 1.8061566424984365, 1.3071926206092757, 0.8445598084497158
6301000: 0.8445598084497158, 1.337030155070329, 2.6207841353403745, 2.84683437011864, 1.7763676351768392: 2.41466204688: 1.405734553838652, 1.8061566424984365, 1.3071926206092757, 0.8445598084497158, 1.337030155070329
6331000: 1.337030155070329, 2.6207841353403745, 2.84683437011864, 1.7763676351768392, 1.275598719412803: 1.96626690824: 1.8061566424984365, 1.3071926206092757, 0.8445598084497158, 1.337030155070329, 2.6207841353403745
6361000: 2.6207841353403745, 2.84683437011864, 1.7763676351768392, 1.275598719412803, 2.1337218902968402: 1.7285627483: 1.3071926206092757, 0.8445598084497158, 1.337030155070329, 2.6207841353403745, 2.84683437011864
6391000: 2.84683437011864, 1.7763676351768392, 1.275598719412803, 2.1337218902968402, 2.5557772831230774: 1.98836596428: 0.8445598084497158, 1.337030155070329, 2.6207841353403745, 2.84683437011864, 1.7763676351768392
6421000: 1.7763676351768392, 1.275598719412803, 2.1337218902968402, 2.5557772831230774, 2.0120912100266914: 2.23386346115: 1.337030155070329, 2.6207841353403745, 2.84683437011864, 1.7763676351768392, 1.275598719412803
6451000: 1.275598719412803, 2.1337218902968402, 2.5557772831230774, 2.0120912100266914, 1.5161940306141033: 2.02802084125: 2.6207841353403745, 2.84683437011864, 1.7763676351768392, 1.275598719412803, 2.1337218902968402
6481000: 2.1337218902968402, 2.5557772831230774, 2.0120912100266914, 1.5161940306141033, 1.506123572984749: 1.67813627121: 2.84683437011864, 1.7763676351768392, 1.275598719412803, 2.1337218902968402, 2.5557772831230774
6511000: 2.5557772831230774, 2.0120912100266914, 1.5161940306141033, 1.506123572984749, 1.4943239215686277: 1.50554717506: 1.7763676351768392, 1.275598719412803, 2.1337218902968402, 2.5557772831230774, 2.0120912100266914
6541000: 2.0120912100266914, 1.5161940306141033, 1.506123572984749, 1.4943239215686277, 1.6509663180827887: 1.55047127088: 1.275598719412803, 2.1337218902968402, 2.5557772831230774, 2.0120912100266914, 1.5161940306141033
6571000: 1.5161940306141033, 1.506123572984749, 1.4943239215686277, 1.6509663180827887, 1.7970575599128535: 1.64744926652: 2.1337218902968402, 2.5557772831230774, 2.0120912100266914, 1.5161940306141033, 1.506123572984749
6601000: 1.506123572984749, 1.4943239215686277, 1.6509663180827887, 1.7970575599128535, 1.6116444553376905: 1.68655611111: 2.5557772831230774, 2.0120912100266914, 1.5161940306141033, 1.506123572984749, 1.4943239215686277
6631000: 1.4943239215686277, 1.6509663180827887, 1.7970575599128535, 1.6116444553376905, 1.2202193681917208: 1.54297379448: 2.0120912100266914, 1.5161940306141033, 1.506123572984749, 1.4943239215686277, 1.6509663180827887
6661000: 1.6509663180827887, 1.7970575599128535, 1.6116444553376905, 1.2202193681917208, 1.1489253145335987: 1.32692971269: 1.5161940306141033, 1.506123572984749, 1.4943239215686277, 1.6509663180827887, 1.7970575599128535
6691000: 1.7970575599128535, 1.6116444553376905, 1.2202193681917208, 1.1489253145335987, 2.343632243484973: 1.57092564207: 1.506123572984749, 1.4943239215686277, 1.6509663180827887, 1.7970575599128535, 1.6116444553376905
6721000: 1.6116444553376905, 1.2202193681917208, 1.1489253145335987, 2.343632243484973, 2.434947433776944: 1.97583499727: 1.4943239215686277, 1.6509663180827887, 1.7970575599128535, 1.6116444553376905, 1.2202193681917208
6751000: 1.2202193681917208, 1.1489253145335987, 2.343632243484973, 2.434947433776944, 1.2159508182591914: 1.99817683184: 1.6509663180827887, 1.7970575599128535, 1.6116444553376905, 1.2202193681917208, 1.1489253145335987
6781000: 1.1489253145335987, 2.343632243484973, 2.434947433776944, 1.2159508182591914, 0.8031458445076683: 1.48468136551: 1.7970575599128535, 1.6116444553376905, 1.2202193681917208, 1.1489253145335987, 2.343632243484973
6811000: 2.343632243484973, 2.434947433776944, 1.2159508182591914, 0.8031458445076683, 1.3988799210522604: 1.13932552794: 1.6116444553376905, 1.2202193681917208, 1.1489253145335987, 2.343632243484973, 2.434947433776944
6841000: 2.434947433776944, 1.2159508182591914, 0.8031458445076683, 1.3988799210522604, 1.8509585392284893: 1.35099476826: 1.2202193681917208, 1.1489253145335987, 2.343632243484973, 2.434947433776944, 1.2159508182591914
6871000: 1.2159508182591914, 0.8031458445076683, 1.3988799210522604, 1.8509585392284893, 1.9781381284235158: 1.7426588629: 1.1489253145335987, 2.343632243484973, 2.434947433776944, 1.2159508182591914, 0.8031458445076683
6901000: 0.8031458445076683, 1.3988799210522604, 1.8509585392284893, 1.9781381284235158, 3.3818135073692828: 2.40363672501: 2.343632243484973, 2.434947433776944, 1.2159508182591914, 0.8031458445076683, 1.3988799210522604
6931000: 1.3988799210522604, 1.8509585392284893, 1.9781381284235158, 3.3818135073692828, 3.6544164741488943: 3.00478936998: 2.434947433776944, 1.2159508182591914, 0.8031458445076683, 1.3988799210522604, 1.8509585392284893
6961000: 1.8509585392284893, 1.9781381284235158, 3.3818135073692828, 3.6544164741488943, 2.159995473091347: 3.06540848487: 1.2159508182591914, 0.8031458445076683, 1.3988799210522604, 1.8509585392284893, 1.9781381284235158
6991000: 1.9781381284235158, 3.3818135073692828, 3.6544164741488943, 2.159995473091347, 1.9888493005589751: 2.6010870826: 0.8031458445076683, 1.3988799210522604, 1.8509585392284893, 1.9781381284235158, 3.3818135073692828
7021000: 3.3818135073692828, 3.6544164741488943, 2.159995473091347, 1.9888493005589751, 2.189720983381585: 2.11285525234: 1.3988799210522604, 1.8509585392284893, 1.9781381284235158, 3.3818135073692828, 3.6544164741488943
7051000: 3.6544164741488943, 2.159995473091347, 1.9888493005589751, 2.189720983381585, 1.9508195823733645: 2.04312995544: 1.8509585392284893, 1.9781381284235158, 3.3818135073692828, 3.6544164741488943, 2.159995473091347
7081000: 2.159995473091347, 1.9888493005589751, 2.189720983381585, 1.9508195823733645, 2.001110910815037: 2.04721715886: 1.9781381284235158, 3.3818135073692828, 3.6544164741488943, 2.159995473091347, 1.9888493005589751
7111000: 1.9888493005589751, 2.189720983381585, 1.9508195823733645, 2.001110910815037, 2.6925424972795766: 2.21482433016: 3.3818135073692828, 3.6544164741488943, 2.159995473091347, 1.9888493005589751, 2.189720983381585
7141000: 2.189720983381585, 1.9508195823733645, 2.001110910815037, 2.6925424972795766, 2.4518255338050627: 2.38182631397: 3.6544164741488943, 2.159995473091347, 1.9888493005589751, 2.189720983381585, 1.9508195823733645
7171000: 1.9508195823733645, 2.001110910815037, 2.6925424972795766, 2.4518255338050627, 1.127772800251074: 2.09071361045: 2.159995473091347, 1.9888493005589751, 2.189720983381585, 1.9508195823733645, 2.001110910815037
7201000: 2.001110910815037, 2.6925424972795766, 2.4518255338050627, 1.127772800251074, 1.3266853021970035: 1.63542787875: 1.9888493005589751, 2.189720983381585, 1.9508195823733645, 2.001110910815037, 2.6925424972795766
7231000: 2.6925424972795766, 2.4518255338050627, 1.127772800251074, 1.3266853021970035, 2.7319805189604933: 1.7288128738: 2.189720983381585, 1.9508195823733645, 2.001110910815037, 2.6925424972795766, 2.4518255338050627
7261000: 2.4518255338050627, 1.127772800251074, 1.3266853021970035, 2.7319805189604933, 2.6179724800578312: 2.22554610041: 1.9508195823733645, 2.001110910815037, 2.6925424972795766, 2.4518255338050627, 1.127772800251074
7291000: 1.127772800251074, 1.3266853021970035, 2.7319805189604933, 2.6179724800578312, 1.637836206660352: 2.32926306856: 2.001110910815037, 2.6925424972795766, 2.4518255338050627, 1.127772800251074, 1.3266853021970035
7321000: 1.3266853021970035, 2.7319805189604933, 2.6179724800578312, 1.637836206660352, 2.2688498233160614: 2.17488617001: 2.6925424972795766, 2.4518255338050627, 1.127772800251074, 1.3266853021970035, 2.7319805189604933
7351000: 2.7319805189604933, 2.6179724800578312, 1.637836206660352, 2.2688498233160614, 3.3758258205629526: 2.42750395018: 2.4518255338050627, 1.127772800251074, 1.3266853021970035, 2.7319805189604933, 2.6179724800578312
7381000: 2.6179724800578312, 1.637836206660352, 2.2688498233160614, 3.3758258205629526, 2.4576630823219237: 2.7007795754: 1.127772800251074, 1.3266853021970035, 2.7319805189604933, 2.6179724800578312, 1.637836206660352
7411000: 1.637836206660352, 2.2688498233160614, 3.3758258205629526, 2.4576630823219237, 1.1683280409414878: 2.33393898128: 1.3266853021970035, 2.7319805189604933, 2.6179724800578312, 1.637836206660352, 2.2688498233160614
7441000: 2.2688498233160614, 3.3758258205629526, 2.4576630823219237, 1.1683280409414878, 1.6331068295934228: 1.75303265095: 2.7319805189604933, 2.6179724800578312, 1.637836206660352, 2.2688498233160614, 3.3758258205629526
7471000: 3.3758258205629526, 2.4576630823219237, 1.1683280409414878, 1.6331068295934228, 1.6412376852808137: 1.48089085194: 2.6179724800578312, 1.637836206660352, 2.2688498233160614, 3.3758258205629526, 2.4576630823219237
7501000: 2.4576630823219237, 1.1683280409414878, 1.6331068295934228, 1.6412376852808137, 1.4117729897195157: 1.5620391682: 1.637836206660352, 2.2688498233160614, 3.3758258205629526, 2.4576630823219237, 1.1683280409414878
7531000: 1.1683280409414878, 1.6331068295934228, 1.6412376852808137, 1.4117729897195157, 1.8631746261709317: 1.63872843372: 2.2688498233160614, 3.3758258205629526, 2.4576630823219237, 1.1683280409414878, 1.6331068295934228
7561000: 1.6331068295934228, 1.6412376852808137, 1.4117729897195157, 1.8631746261709317, 1.6854289800163886: 1.6534588653: 3.3758258205629526, 2.4576630823219237, 1.1683280409414878, 1.6331068295934228, 1.6412376852808137
7591000: 1.6412376852808137, 1.4117729897195157, 1.8631746261709317, 1.6854289800163886, 1.8303700157999094: 1.79299120733: 2.4576630823219237, 1.1683280409414878, 1.6331068295934228, 1.6412376852808137, 1.4117729897195157
7621000: 1.4117729897195157, 1.8631746261709317, 1.6854289800163886, 1.8303700157999094, 1.8767601927693751: 1.79751972953: 1.1683280409414878, 1.6331068295934228, 1.6412376852808137, 1.4117729897195157, 1.8631746261709317
7651000: 1.8631746261709317, 1.6854289800163886, 1.8303700157999094, 1.8767601927693751, 1.167268036303161: 1.62479941496: 1.6331068295934228, 1.6412376852808137, 1.4117729897195157, 1.8631746261709317, 1.6854289800163886
7681000: 1.6854289800163886, 1.8303700157999094, 1.8767601927693751, 1.167268036303161, 1.3233572865251482: 1.45579517187: 1.6412376852808137, 1.4117729897195157, 1.8631746261709317, 1.6854289800163886, 1.8303700157999094
7711000: 1.8303700157999094, 1.8767601927693751, 1.167268036303161, 1.3233572865251482, 1.9286866750183624: 1.47310399928: 1.4117729897195157, 1.8631746261709317, 1.6854289800163886, 1.8303700157999094, 1.8767601927693751
7741000: 1.8767601927693751, 1.167268036303161, 1.3233572865251482, 1.9286866750183624, 2.6601195977255525: 1.97072118642: 1.8631746261709317, 1.6854289800163886, 1.8303700157999094, 1.8767601927693751, 1.167268036303161
7771000: 1.167268036303161, 1.3233572865251482, 1.9286866750183624, 2.6601195977255525, 2.7978705303341185: 2.46222560103: 1.6854289800163886, 1.8303700157999094, 1.8767601927693751, 1.167268036303161, 1.3233572865251482
7801000: 1.3233572865251482, 1.9286866750183624, 2.6601195977255525, 2.7978705303341185, 3.704708164792742: 3.05423276428: 1.8303700157999094, 1.8767601927693751, 1.167268036303161, 1.3233572865251482, 1.9286866750183624
7831000: 1.9286866750183624, 2.6601195977255525, 2.7978705303341185, 3.704708164792742, 4.441538339815125: 3.64803901165: 1.8767601927693751, 1.167268036303161, 1.3233572865251482, 1.9286866750183624, 2.6601195977255525
7861000: 2.6601195977255525, 2.7978705303341185, 3.704708164792742, 4.441538339815125, 2.9939408621135306: 3.71339578891: 1.167268036303161, 1.3233572865251482, 1.9286866750183624, 2.6601195977255525, 2.7978705303341185
7891000: 2.7978705303341185, 3.704708164792742, 4.441538339815125, 2.9939408621135306, 2.0657187353269837: 3.16706597909: 1.3233572865251482, 1.9286866750183624, 2.6601195977255525, 2.7978705303341185, 3.704708164792742
7921000: 3.704708164792742, 4.441538339815125, 2.9939408621135306, 2.0657187353269837, 1.7286084552823175: 2.26275601757: 1.9286866750183624, 2.6601195977255525, 2.7978705303341185, 3.704708164792742, 4.441538339815125
7951000: 4.441538339815125, 2.9939408621135306, 2.0657187353269837, 1.7286084552823175, 1.4075872916625178: 1.73397149409: 2.6601195977255525, 2.7978705303341185, 3.704708164792742, 4.441538339815125, 2.9939408621135306
7981000: 2.9939408621135306, 2.0657187353269837, 1.7286084552823175, 1.4075872916625178, 1.5915998124490511: 1.57593185313: 2.7978705303341185, 3.704708164792742, 4.441538339815125, 2.9939408621135306, 2.0657187353269837
8011000: 2.0657187353269837, 1.7286084552823175, 1.4075872916625178, 1.5915998124490511, 1.6422905107041108: 1.54715920494: 3.704708164792742, 4.441538339815125, 2.9939408621135306, 2.0657187353269837, 1.7286084552823175
8041000: 1.7286084552823175, 1.4075872916625178, 1.5915998124490511, 1.6422905107041108, 1.4477952544227441: 1.56056185919: 4.441538339815125, 2.9939408621135306, 2.0657187353269837, 1.7286084552823175, 1.4075872916625178
8071000: 1.4075872916625178, 1.5915998124490511, 1.6422905107041108, 1.4477952544227441, 1.8585709197607916: 1.6495522283: 2.9939408621135306, 2.0657187353269837, 1.7286084552823175, 1.4075872916625178, 1.5915998124490511
8101000: 1.5915998124490511, 1.6422905107041108, 1.4477952544227441, 1.8585709197607916, 2.9804634836920263: 2.09560988596: 2.0657187353269837, 1.7286084552823175, 1.4075872916625178, 1.5915998124490511, 1.6422905107041108
8131000: 1.6422905107041108, 1.4477952544227441, 1.8585709197607916, 2.9804634836920263, 3.746394046777156: 2.86180948341: 1.7286084552823175, 1.4075872916625178, 1.5915998124490511, 1.6422905107041108, 1.4477952544227441
8161000: 1.4477952544227441, 1.8585709197607916, 2.9804634836920263, 3.746394046777156, 4.019039075065316: 3.58196553518: 1.4075872916625178, 1.5915998124490511, 1.6422905107041108, 1.4477952544227441, 1.8585709197607916
8191000: 1.8585709197607916, 2.9804634836920263, 3.746394046777156, 4.019039075065316, 3.5827916146422236: 3.78274157883: 1.5915998124490511, 1.6422905107041108, 1.4477952544227441, 1.8585709197607916, 2.9804634836920263
8221000: 2.9804634836920263, 3.746394046777156, 4.019039075065316, 3.5827916146422236, 2.0626002405673565: 3.22147697676: 1.6422905107041108, 1.4477952544227441, 1.8585709197607916, 2.9804634836920263, 3.746394046777156
8251000: 3.746394046777156, 4.019039075065316, 3.5827916146422236, 2.0626002405673565, 1.3521386777028375: 2.33251017764: 1.4477952544227441, 1.8585709197607916, 2.9804634836920263, 3.746394046777156, 4.019039075065316
8281000: 4.019039075065316, 3.5827916146422236, 2.0626002405673565, 1.3521386777028375, 1.6576303240740746: 1.69078974745: 1.8585709197607916, 2.9804634836920263, 3.746394046777156, 4.019039075065316, 3.5827916146422236
8311000: 3.5827916146422236, 2.0626002405673565, 1.3521386777028375, 1.6576303240740746, 1.5601538235294128: 1.52330760844: 2.9804634836920263, 3.746394046777156, 4.019039075065316, 3.5827916146422236, 2.0626002405673565
8341000: 2.0626002405673565, 1.3521386777028375, 1.6576303240740746, 1.5601538235294128, 1.6533724618736387: 1.62371886983: 3.746394046777156, 4.019039075065316, 3.5827916146422236, 2.0626002405673565, 1.3521386777028375
8371000: 1.3521386777028375, 1.6576303240740746, 1.5601538235294128, 1.6533724618736387, 1.9474533694172116: 1.72032655161: 4.019039075065316, 3.5827916146422236, 2.0626002405673565, 1.3521386777028375, 1.6576303240740746
8401000: 1.6576303240740746, 1.5601538235294128, 1.6533724618736387, 1.9474533694172116, 2.2898939447167748: 1.96357325867: 3.5827916146422236, 2.0626002405673565, 1.3521386777028375, 1.6576303240740746, 1.5601538235294128
8431000: 1.5601538235294128, 1.6533724618736387, 1.9474533694172116, 2.2898939447167748, 2.009140938053173: 2.08216275073: 2.0626002405673565, 1.3521386777028375, 1.6576303240740746, 1.5601538235294128, 1.6533724618736387
8461000: 1.6533724618736387, 1.9474533694172116, 2.2898939447167748, 2.009140938053173, 1.9873312053430232: 2.0954553627: 1.3521386777028375, 1.6576303240740746, 1.5601538235294128, 1.6533724618736387, 1.9474533694172116
8491000: 1.9474533694172116, 2.2898939447167748, 2.009140938053173, 1.9873312053430232, 2.910890076316288: 2.30245407324: 1.6576303240740746, 1.5601538235294128, 1.6533724618736387, 1.9474533694172116, 2.2898939447167748
8521000: 2.2898939447167748, 2.009140938053173, 1.9873312053430232, 2.910890076316288, 3.359112486275141: 2.75244458931: 1.5601538235294128, 1.6533724618736387, 1.9474533694172116, 2.2898939447167748, 2.009140938053173
8551000: 2.009140938053173, 1.9873312053430232, 2.910890076316288, 3.359112486275141, 2.3240595474165384: 2.86468737: 1.6533724618736387, 1.9474533694172116, 2.2898939447167748, 2.009140938053173, 1.9873312053430232
8581000: 1.9873312053430232, 2.910890076316288, 3.359112486275141, 2.3240595474165384, 1.3967755767453776: 2.35998253681: 1.9474533694172116, 2.2898939447167748, 2.009140938053173, 1.9873312053430232, 2.910890076316288
8611000: 2.910890076316288, 3.359112486275141, 2.3240595474165384, 1.3967755767453776, 1.8173467029838115: 1.84606060905: 2.2898939447167748, 2.009140938053173, 1.9873312053430232, 2.910890076316288, 3.359112486275141
8641000: 3.359112486275141, 2.3240595474165384, 1.3967755767453776, 1.8173467029838115, 1.7759523271499982: 1.66335820229: 2.009140938053173, 1.9873312053430232, 2.910890076316288, 3.359112486275141, 2.3240595474165384
8671000: 2.3240595474165384, 1.3967755767453776, 1.8173467029838115, 1.7759523271499982, 1.5340732198043365: 1.70912408331: 1.9873312053430232, 2.910890076316288, 3.359112486275141, 2.3240595474165384, 1.3967755767453776
8701000: 1.3967755767453776, 1.8173467029838115, 1.7759523271499982, 1.5340732198043365, 1.4943765002300404: 1.60146734906: 2.910890076316288, 3.359112486275141, 2.3240595474165384, 1.3967755767453776, 1.8173467029838115
8731000: 1.8173467029838115, 1.7759523271499982, 1.5340732198043365, 1.4943765002300404, 1.0847935326212903: 1.37108108422: 3.359112486275141, 2.3240595474165384, 1.3967755767453776, 1.8173467029838115, 1.7759523271499982
8761000: 1.7759523271499982, 1.5340732198043365, 1.4943765002300404, 1.0847935326212903, 0.8221024561310946: 1.13375749633: 2.3240595474165384, 1.3967755767453776, 1.8173467029838115, 1.7759523271499982, 1.5340732198043365
8791000: 1.5340732198043365, 1.4943765002300404, 1.0847935326212903, 0.8221024561310946, 1.928920759160918: 1.27860558264: 1.3967755767453776, 1.8173467029838115, 1.7759523271499982, 1.5340732198043365, 1.4943765002300404
8821000: 1.4943765002300404, 1.0847935326212903, 0.8221024561310946, 1.928920759160918, 2.356269045187818: 1.70243075349: 1.8173467029838115, 1.7759523271499982, 1.5340732198043365, 1.4943765002300404, 1.0847935326212903
8851000: 1.0847935326212903, 0.8221024561310946, 1.928920759160918, 2.356269045187818, 1.2696492208261922: 1.85161300839: 1.7759523271499982, 1.5340732198043365, 1.4943765002300404, 1.0847935326212903, 0.8221024561310946
8881000: 0.8221024561310946, 1.928920759160918, 2.356269045187818, 1.2696492208261922, 0.8272359497585513: 1.48438473859: 1.5340732198043365, 1.4943765002300404, 1.0847935326212903, 0.8221024561310946, 1.928920759160918
8911000: 1.928920759160918, 2.356269045187818, 1.2696492208261922, 0.8272359497585513, 0.849413912825468: 0.98209969447: 1.4943765002300404, 1.0847935326212903, 0.8221024561310946, 1.928920759160918, 2.356269045187818
8941000: 2.356269045187818, 1.2696492208261922, 0.8272359497585513, 0.849413912825468, 0.5745604310460986: 0.75040343121: 1.0847935326212903, 0.8221024561310946, 1.928920759160918, 2.356269045187818, 1.2696492208261922
8971000: 1.2696492208261922, 0.8272359497585513, 0.849413912825468, 0.5745604310460986, 0.7531301637341432: 0.725701502535: 0.8221024561310946, 1.928920759160918, 2.356269045187818, 1.2696492208261922, 0.8272359497585513
9001000: 0.8272359497585513, 0.849413912825468, 0.5745604310460986, 0.7531301637341432, 1.4812769245754498: 0.936322506452: 1.928920759160918, 2.356269045187818, 1.2696492208261922, 0.8272359497585513, 0.849413912825468
9031000: 0.849413912825468, 0.5745604310460986, 0.7531301637341432, 1.4812769245754498, 1.583950991431054: 1.27278602658: 2.356269045187818, 1.2696492208261922, 0.8272359497585513, 0.849413912825468, 0.5745604310460986
9061000: 0.5745604310460986, 0.7531301637341432, 1.4812769245754498, 1.583950991431054, 1.3139860762997861: 1.45973799744: 1.2696492208261922, 0.8272359497585513, 0.849413912825468, 0.5745604310460986, 0.7531301637341432
9091000: 0.7531301637341432, 1.4812769245754498, 1.583950991431054, 1.3139860762997861, 1.2066401541417202: 1.36819240729: 0.8272359497585513, 0.849413912825468, 0.5745604310460986, 0.7531301637341432, 1.4812769245754498
9121000: 1.4812769245754498, 1.583950991431054, 1.3139860762997861, 1.2066401541417202, 0.9529163646193969: 1.15784753169: 0.849413912825468, 0.5745604310460986, 0.7531301637341432, 1.4812769245754498, 1.583950991431054
9151000: 1.583950991431054, 1.3139860762997861, 1.2066401541417202, 0.9529163646193969, 0.8004499673202613: 0.986668828694: 0.5745604310460986, 0.7531301637341432, 1.4812769245754498, 1.583950991431054, 1.3139860762997861
9181000: 1.3139860762997861, 1.2066401541417202, 0.9529163646193969, 0.8004499673202613, 1.7011335348583876: 1.1514999556: 0.7531301637341432, 1.4812769245754498, 1.583950991431054, 1.3139860762997861, 1.2066401541417202
9211000: 1.2066401541417202, 0.9529163646193969, 0.8004499673202613, 1.7011335348583876, 1.9263028533496727: 1.47596211851: 1.4812769245754498, 1.583950991431054, 1.3139860762997861, 1.2066401541417202, 0.9529163646193969
9241000: 0.9529163646193969, 0.8004499673202613, 1.7011335348583876, 1.9263028533496727, 0.9844452192265797: 1.53729386914: 1.583950991431054, 1.3139860762997861, 1.2066401541417202, 0.9529163646193969, 0.8004499673202613
9271000: 0.8004499673202613, 1.7011335348583876, 1.9263028533496727, 0.9844452192265797, 1.3545666632625273: 1.42177157861: 1.3139860762997861, 1.2066401541417202, 0.9529163646193969, 0.8004499673202613, 1.7011335348583876
9301000: 1.7011335348583876, 1.9263028533496727, 0.9844452192265797, 1.3545666632625273, 1.7154977750544658: 1.35150321918: 1.2066401541417202, 0.9529163646193969, 0.8004499673202613, 1.7011335348583876, 1.9263028533496727
9331000: 1.9263028533496727, 0.9844452192265797, 1.3545666632625273, 1.7154977750544658, 1.504222320261438: 1.52476225286: 0.9529163646193969, 0.8004499673202613, 1.7011335348583876, 1.9263028533496727, 0.9844452192265797
9361000: 0.9844452192265797, 1.3545666632625273, 1.7154977750544658, 1.504222320261438, 1.4383532298474944: 1.55269110839: 0.8004499673202613, 1.7011335348583876, 1.9263028533496727, 0.9844452192265797, 1.3545666632625273
9391000: 1.3545666632625273, 1.7154977750544658, 1.504222320261438, 1.4383532298474944, 1.5417684776688454: 1.49478134259: 1.7011335348583876, 1.9263028533496727, 0.9844452192265797, 1.3545666632625273, 1.7154977750544658
9421000: 1.7154977750544658, 1.504222320261438, 1.4383532298474944, 1.5417684776688454, 1.833755904139434: 1.60462587055: 1.9263028533496727, 0.9844452192265797, 1.3545666632625273, 1.7154977750544658, 1.504222320261438
9451000: 1.504222320261438, 1.4383532298474944, 1.5417684776688454, 1.833755904139434, 1.2872796078431368: 1.55426799655: 0.9844452192265797, 1.3545666632625273, 1.7154977750544658, 1.504222320261438, 1.4383532298474944
9481000: 1.4383532298474944, 1.5417684776688454, 1.833755904139434, 1.2872796078431368, 1.1587766122004353: 1.42660404139: 1.3545666632625273, 1.7154977750544658, 1.504222320261438, 1.4383532298474944, 1.5417684776688454
9511000: 1.5417684776688454, 1.833755904139434, 1.2872796078431368, 1.1587766122004353, 2.116797450980392: 1.52095122367: 1.7154977750544658, 1.504222320261438, 1.4383532298474944, 1.5417684776688454, 1.833755904139434
9541000: 1.833755904139434, 1.2872796078431368, 1.1587766122004353, 2.116797450980392, 1.96059068627451: 1.74538824982: 1.504222320261438, 1.4383532298474944, 1.5417684776688454, 1.833755904139434, 1.2872796078431368
9571000: 1.2872796078431368, 1.1587766122004353, 2.116797450980392, 1.96059068627451, 1.5869857080610028: 1.88812461511: 1.4383532298474944, 1.5417684776688454, 1.833755904139434, 1.2872796078431368, 1.1587766122004353
9601000: 1.1587766122004353, 2.116797450980392, 1.96059068627451, 1.5869857080610028, 1.6742280501089324: 1.74060148148: 1.5417684776688454, 1.833755904139434, 1.2872796078431368, 1.1587766122004353, 2.116797450980392
9631000: 2.116797450980392, 1.96059068627451, 1.5869857080610028, 1.6742280501089324, 1.5063600544662308: 1.58919127088: 1.833755904139434, 1.2872796078431368, 1.1587766122004353, 2.116797450980392, 1.96059068627451
9661000: 1.96059068627451, 1.5869857080610028, 1.6742280501089324, 1.5063600544662308, 1.6423575599128548: 1.60764855483: 1.2872796078431368, 1.1587766122004353, 2.116797450980392, 1.96059068627451, 1.5869857080610028
9691000: 1.5869857080610028, 1.6742280501089324, 1.5063600544662308, 1.6423575599128548, 1.4872093137254905: 1.54530897603: 1.1587766122004353, 2.116797450980392, 1.96059068627451, 1.5869857080610028, 1.6742280501089324
9721000: 1.6742280501089324, 1.5063600544662308, 1.6423575599128548, 1.4872093137254905, 1.4972024618736386: 1.54225644517: 2.116797450980392, 1.96059068627451, 1.5869857080610028, 1.6742280501089324, 1.5063600544662308
9751000: 1.5063600544662308, 1.6423575599128548, 1.4872093137254905, 1.4972024618736386, 1.2795790522875816: 1.42133027596: 1.96059068627451, 1.5869857080610028, 1.6742280501089324, 1.5063600544662308, 1.6423575599128548
9781000: 1.6423575599128548, 1.4872093137254905, 1.4972024618736386, 1.2795790522875816, 1.0357358605664486: 1.27083912491: 1.5869857080610028, 1.6742280501089324, 1.5063600544662308, 1.6423575599128548, 1.4872093137254905
9811000: 1.4872093137254905, 1.4972024618736386, 1.2795790522875816, 1.0357358605664486, 1.2702314596949893: 1.19518212418: 1.6742280501089324, 1.5063600544662308, 1.6423575599128548, 1.4872093137254905, 1.4972024618736386
9841000: 1.4972024618736386, 1.2795790522875816, 1.0357358605664486, 1.2702314596949893, 1.5377620479302838: 1.28124312273: 1.5063600544662308, 1.6423575599128548, 1.4872093137254905, 1.4972024618736386, 1.2795790522875816
9871000: 1.2795790522875816, 1.0357358605664486, 1.2702314596949893, 1.5377620479302838, 1.9847346840958608: 1.59757606391: 1.6423575599128548, 1.4872093137254905, 1.4972024618736386, 1.2795790522875816, 1.0357358605664486
9901000: 1.0357358605664486, 1.2702314596949893, 1.5377620479302838, 1.9847346840958608, 2.1834197385620917: 1.90197215686: 1.4872093137254905, 1.4972024618736386, 1.2795790522875816, 1.0357358605664486, 1.2702314596949893
9931000: 1.2702314596949893, 1.5377620479302838, 1.9847346840958608, 2.1834197385620917, 1.7320691503267978: 1.96674119099: 1.4972024618736386, 1.2795790522875816, 1.0357358605664486, 1.2702314596949893, 1.5377620479302838
9961000: 1.5377620479302838, 1.9847346840958608, 2.1834197385620917, 1.7320691503267978, 0.9989774726783421: 1.63815545386: 1.2795790522875816, 1.0357358605664486, 1.2702314596949893, 1.5377620479302838, 1.9847346840958608
9991000: 1.9847346840958608, 2.1834197385620917, 1.7320691503267978, 0.9989774726783421, 1.0604038931065465: 1.2638168387: 1.0357358605664486, 1.2702314596949893, 1.5377620479302838, 1.9847346840958608, 2.1834197385620917
10021000: 2.1834197385620917, 1.7320691503267978, 0.9989774726783421, 1.0604038931065465, 1.2116894196983201: 1.09035692849: 1.2702314596949893, 1.5377620479302838, 1.9847346840958608, 2.1834197385620917, 1.7320691503267978
10051000: 1.7320691503267978, 0.9989774726783421, 1.0604038931065465, 1.2116894196983201, 0.6324519208387437: 0.968181744548: 1.5377620479302838, 1.9847346840958608, 2.1834197385620917, 1.7320691503267978, 0.9989774726783421
10081000: 0.9989774726783421, 1.0604038931065465, 1.2116894196983201, 0.6324519208387437, 0.7951878499123273: 0.879776396816: 1.9847346840958608, 2.1834197385620917, 1.7320691503267978, 0.9989774726783421, 1.0604038931065465
10111000: 1.0604038931065465, 1.2116894196983201, 0.6324519208387437, 0.7951878499123273, 1.0682808589343806: 0.831973543228: 2.1834197385620917, 1.7320691503267978, 0.9989774726783421, 1.0604038931065465, 1.2116894196983201
10141000: 1.2116894196983201, 0.6324519208387437, 0.7951878499123273, 1.0682808589343806, 0.8083732075225893: 0.890613972123: 1.7320691503267978, 0.9989774726783421, 1.0604038931065465, 1.2116894196983201, 0.6324519208387437
10171000: 0.6324519208387437, 0.7951878499123273, 1.0682808589343806, 0.8083732075225893, 1.0342398980673155: 0.970297988175: 0.9989774726783421, 1.0604038931065465, 1.2116894196983201, 0.6324519208387437, 0.7951878499123273
10201000: 0.7951878499123273, 1.0682808589343806, 0.8083732075225893, 1.0342398980673155, 1.071073477532146: 0.971228861041: 1.0604038931065465, 1.2116894196983201, 0.6324519208387437, 0.7951878499123273, 1.0682808589343806
10231000: 1.0682808589343806, 0.8083732075225893, 1.0342398980673155, 1.071073477532146, 0.8200229150138368: 0.975112096871: 1.2116894196983201, 0.6324519208387437, 0.7951878499123273, 1.0682808589343806, 0.8083732075225893
10261000: 0.8083732075225893, 1.0342398980673155, 1.071073477532146, 0.8200229150138368, 0.7795922989369399: 0.890229563828: 0.6324519208387437, 0.7951878499123273, 1.0682808589343806, 0.8083732075225893, 1.0342398980673155
10291000: 1.0342398980673155, 1.071073477532146, 0.8200229150138368, 0.7795922989369399, 1.6696537648352765: 1.08975632626: 0.7951878499123273, 1.0682808589343806, 0.8083732075225893, 1.0342398980673155, 1.071073477532146
10321000: 1.071073477532146, 0.8200229150138368, 0.7795922989369399, 1.6696537648352765, 1.7998341534338522: 1.4163600724: 1.0682808589343806, 0.8083732075225893, 1.0342398980673155, 1.071073477532146, 0.8200229150138368
10351000: 0.8200229150138368, 0.7795922989369399, 1.6696537648352765, 1.7998341534338522, 1.155427486971504: 1.54163846841: 0.8083732075225893, 1.0342398980673155, 1.071073477532146, 0.8200229150138368, 0.7795922989369399
10381000: 0.7795922989369399, 1.6696537648352765, 1.7998341534338522, 1.155427486971504, 1.3566186412347132: 1.43729342721: 1.0342398980673155, 1.071073477532146, 0.8200229150138368, 0.7795922989369399, 1.6696537648352765
10411000: 1.6696537648352765, 1.7998341534338522, 1.155427486971504, 1.3566186412347132, 1.1336977694929797: 1.2152479659: 1.071073477532146, 0.8200229150138368, 0.7795922989369399, 1.6696537648352765, 1.7998341534338522
10441000: 1.7998341534338522, 1.155427486971504, 1.3566186412347132, 1.1336977694929797, 0.9517179538523919: 1.14734478819: 0.8200229150138368, 0.7795922989369399, 1.6696537648352765, 1.7998341534338522, 1.155427486971504
10471000: 1.155427486971504, 1.3566186412347132, 1.1336977694929797, 0.9517179538523919, 1.1526113981971544: 1.07934237385: 0.7795922989369399, 1.6696537648352765, 1.7998341534338522, 1.155427486971504, 1.3566186412347132
10501000: 1.3566186412347132, 1.1336977694929797, 0.9517179538523919, 1.1526113981971544, 1.219074326555104: 1.1078012262: 1.6696537648352765, 1.7998341534338522, 1.155427486971504, 1.3566186412347132, 1.1336977694929797
10531000: 1.1336977694929797, 0.9517179538523919, 1.1526113981971544, 1.219074326555104, 1.2605908603434304: 1.2107588617: 1.7998341534338522, 1.155427486971504, 1.3566186412347132, 1.1336977694929797, 0.9517179538523919
10561000: 0.9517179538523919, 1.1526113981971544, 1.219074326555104, 1.2605908603434304, 0.8453116116405083: 1.10832559951: 1.155427486971504, 1.3566186412347132, 1.1336977694929797, 0.9517179538523919, 1.1526113981971544
10591000: 1.1526113981971544, 1.219074326555104, 1.2605908603434304, 0.8453116116405083, 0.4473869452975021: 0.851096472427: 1.3566186412347132, 1.1336977694929797, 0.9517179538523919, 1.1526113981971544, 1.219074326555104
10621000: 1.219074326555104, 1.2605908603434304, 0.8453116116405083, 0.4473869452975021, 0.35842172574734443: 0.550373427562: 1.1336977694929797, 0.9517179538523919, 1.1526113981971544, 1.219074326555104, 1.2605908603434304
10651000: 1.2605908603434304, 0.8453116116405083, 0.4473869452975021, 0.35842172574734443, 0.5812312800150974: 0.462346650353: 0.9517179538523919, 1.1526113981971544, 1.219074326555104, 1.2605908603434304, 0.8453116116405083
10681000: 0.8453116116405083, 0.4473869452975021, 0.35842172574734443, 0.5812312800150974, 1.0747923299297588: 0.671481778564: 1.1526113981971544, 1.219074326555104, 1.2605908603434304, 0.8453116116405083, 0.4473869452975021
10711000: 0.4473869452975021, 0.35842172574734443, 0.5812312800150974, 1.0747923299297588, 1.3560287088694252: 1.0040174396: 1.219074326555104, 1.2605908603434304, 0.8453116116405083, 0.4473869452975021, 0.35842172574734443
10741000: 0.35842172574734443, 0.5812312800150974, 1.0747923299297588, 1.3560287088694252, 1.1305650604661253: 1.18712869976: 1.2605908603434304, 0.8453116116405083, 0.4473869452975021, 0.35842172574734443, 0.5812312800150974
10771000: 0.5812312800150974, 1.0747923299297588, 1.3560287088694252, 1.1305650604661253, 1.5136168375499632: 1.33340353563: 0.8453116116405083, 0.4473869452975021, 0.35842172574734443, 0.5812312800150974, 1.0747923299297588
10801000: 1.0747923299297588, 1.3560287088694252, 1.1305650604661253, 1.5136168375499632, 1.567557309131432: 1.40391306905: 0.4473869452975021, 0.35842172574734443, 0.5812312800150974, 1.0747923299297588, 1.3560287088694252
10831000: 1.3560287088694252, 1.1305650604661253, 1.5136168375499632, 1.567557309131432, 0.7628084969980453: 1.28132754789: 0.35842172574734443, 0.5812312800150974, 1.0747923299297588, 1.3560287088694252, 1.1305650604661253
10861000: 1.1305650604661253, 1.5136168375499632, 1.567557309131432, 0.7628084969980453, 1.6311855203416008: 1.32051710882: 0.5812312800150974, 1.0747923299297588, 1.3560287088694252, 1.1305650604661253, 1.5136168375499632
10891000: 1.5136168375499632, 1.567557309131432, 0.7628084969980453, 1.6311855203416008, 2.046817381600618: 1.48027046631: 1.0747923299297588, 1.3560287088694252, 1.1305650604661253, 1.5136168375499632, 1.567557309131432
10921000: 1.567557309131432, 0.7628084969980453, 1.6311855203416008, 2.046817381600618, 0.8552408897623311: 1.5110812639: 1.3560287088694252, 1.1305650604661253, 1.5136168375499632, 1.567557309131432, 0.7628084969980453
10951000: 0.7628084969980453, 1.6311855203416008, 2.046817381600618, 0.8552408897623311, 0.5044115468409583: 1.1354899394: 1.1305650604661253, 1.5136168375499632, 1.567557309131432, 0.7628084969980453, 1.6311855203416008
10981000: 1.6311855203416008, 2.046817381600618, 0.8552408897623311, 0.5044115468409583, 0.6019169498910678: 0.653856462165: 1.5136168375499632, 1.567557309131432, 0.7628084969980453, 1.6311855203416008, 2.046817381600618
11011000: 2.046817381600618, 0.8552408897623311, 0.5044115468409583, 0.6019169498910678, 0.484697385620915: 0.530341960784: 1.567557309131432, 0.7628084969980453, 1.6311855203416008, 2.046817381600618, 0.8552408897623311
11041000: 0.8552408897623311, 0.5044115468409583, 0.6019169498910678, 0.484697385620915, 0.4276296732026144: 0.504748002905: 0.7628084969980453, 1.6311855203416008, 2.046817381600618, 0.8552408897623311, 0.5044115468409583
11071000: 0.5044115468409583, 0.6019169498910678, 0.484697385620915, 0.4276296732026144, 0.3937037037037037: 0.435343587509: 1.6311855203416008, 2.046817381600618, 0.8552408897623311, 0.5044115468409583, 0.6019169498910678
11101000: 0.6019169498910678, 0.484697385620915, 0.4276296732026144, 0.3937037037037037, 0.6555874346405228: 0.492306937182: 2.046817381600618, 0.8552408897623311, 0.5044115468409583, 0.6019169498910678, 0.484697385620915
11131000: 0.484697385620915, 0.4276296732026144, 0.3937037037037037, 0.6555874346405228, 1.350364820261438: 0.799885319535: 0.8552408897623311, 0.5044115468409583, 0.6019169498910678, 0.484697385620915, 0.4276296732026144
11161000: 0.4276296732026144, 0.3937037037037037, 0.6555874346405228, 1.350364820261438, 1.3274564923747278: 1.11113624909: 0.5044115468409583, 0.6019169498910678, 0.484697385620915, 0.4276296732026144, 0.3937037037037037
11191000: 0.3937037037037037, 0.6555874346405228, 1.350364820261438, 1.3274564923747278, 0.6230749673202612: 1.10029875999: 0.6019169498910678, 0.484697385620915, 0.4276296732026144, 0.3937037037037037, 0.6555874346405228
11221000: 0.6555874346405228, 1.350364820261438, 1.3274564923747278, 0.6230749673202612, 0.6540995642701524: 0.868210341322: 0.484697385620915, 0.4276296732026144, 0.3937037037037037, 0.6555874346405228, 1.350364820261438
11251000: 1.350364820261438, 1.3274564923747278, 0.6230749673202612, 0.6540995642701524, 1.3525410457516338: 0.876571859114: 0.4276296732026144, 0.3937037037037037, 0.6555874346405228, 1.350364820261438, 1.3274564923747278
11281000: 1.3274564923747278, 0.6230749673202612, 0.6540995642701524, 1.3525410457516338, 1.2464846623093682: 1.08437509078: 0.3937037037037037, 0.6555874346405228, 1.350364820261438, 1.3274564923747278, 0.6230749673202612
11311000: 0.6230749673202612, 0.6540995642701524, 1.3525410457516338, 1.2464846623093682, 0.5767485403050111: 1.05859141612: 0.6555874346405228, 1.350364820261438, 1.3274564923747278, 0.6230749673202612, 0.6540995642701524
11341000: 0.6540995642701524, 1.3525410457516338, 1.2464846623093682, 0.5767485403050111, 0.26958614379084983: 0.697606448802: 1.350364820261438, 1.3274564923747278, 0.6230749673202612, 0.6540995642701524, 1.3525410457516338
11371000: 1.3525410457516338, 1.2464846623093682, 0.5767485403050111, 0.26958614379084983, 0.19971293981481483: 0.348682541304: 1.3274564923747278, 0.6230749673202612, 0.6540995642701524, 1.3525410457516338, 1.2464846623093682
11401000: 1.2464846623093682, 0.5767485403050111, 0.26958614379084983, 0.19971293981481483, 0.5965879901960786: 0.355295691267: 0.6230749673202612, 0.6540995642701524, 1.3525410457516338, 1.2464846623093682, 0.5767485403050111
11431000: 0.5767485403050111, 0.26958614379084983, 0.19971293981481483, 0.5965879901960786, 0.5771979370915032: 0.457832955701: 0.6540995642701524, 1.3525410457516338, 1.2464846623093682, 0.5767485403050111, 0.26958614379084983
11461000: 0.26958614379084983, 0.19971293981481483, 0.5965879901960786, 0.5771979370915032, 0.16885416666666672: 0.447546697985: 1.3525410457516338, 1.2464846623093682, 0.5767485403050111, 0.26958614379084983, 0.19971293981481483
11491000: 0.19971293981481483, 0.5965879901960786, 0.5771979370915032, 0.16885416666666672, 0.3930751550642805: 0.379709086274: 1.2464846623093682, 0.5767485403050111, 0.26958614379084983, 0.19971293981481483, 0.5965879901960786
11521000: 0.5965879901960786, 0.5771979370915032, 0.16885416666666672, 0.3930751550642805, 0.5347775125494907: 0.36556894476: 0.5767485403050111, 0.26958614379084983, 0.19971293981481483, 0.5965879901960786, 0.5771979370915032
11551000: 0.5771979370915032, 0.16885416666666672, 0.3930751550642805, 0.5347775125494907, 0.4598620797074327: 0.46257158244: 0.26958614379084983, 0.19971293981481483, 0.5965879901960786, 0.5771979370915032, 0.16885416666666672
11581000: 0.16885416666666672, 0.3930751550642805, 0.5347775125494907, 0.4598620797074327, 0.8237962962962962: 0.606145296184: 0.19971293981481483, 0.5965879901960786, 0.5771979370915032, 0.16885416666666672, 0.3930751550642805
11611000: 0.3930751550642805, 0.5347775125494907, 0.4598620797074327, 0.8237962962962962, 1.2292862951737014: 0.837648223726: 0.5965879901960786, 0.5771979370915032, 0.16885416666666672, 0.3930751550642805, 0.5347775125494907
11641000: 0.5347775125494907, 0.4598620797074327, 0.8237962962962962, 1.2292862951737014, 1.805298809312593: 1.28612713359: 0.5771979370915032, 0.16885416666666672, 0.3930751550642805, 0.5347775125494907, 0.4598620797074327
11671000: 0.4598620797074327, 0.8237962962962962, 1.2292862951737014, 1.805298809312593, 1.7323840674913982: 1.58898972399: 0.16885416666666672, 0.3930751550642805, 0.5347775125494907, 0.4598620797074327, 0.8237962962962962
11701000: 0.8237962962962962, 1.2292862951737014, 1.805298809312593, 1.7323840674913982, 1.361997037073551: 1.63322663796: 0.3930751550642805, 0.5347775125494907, 0.4598620797074327, 0.8237962962962962, 1.2292862951737014
11731000: 1.2292862951737014, 1.805298809312593, 1.7323840674913982, 1.361997037073551, 1.1662416589859677: 1.42020758785: 0.5347775125494907, 0.4598620797074327, 0.8237962962962962, 1.2292862951737014, 1.805298809312593
11761000: 1.805298809312593, 1.7323840674913982, 1.361997037073551, 1.1662416589859677, 0.654068761943821: 1.06076915267: 0.4598620797074327, 0.8237962962962962, 1.2292862951737014, 1.805298809312593, 1.7323840674913982
11791000: 1.7323840674913982, 1.361997037073551, 1.1662416589859677, 0.654068761943821, 0.7617765938819219: 0.860695671604: 0.8237962962962962, 1.2292862951737014, 1.805298809312593, 1.7323840674913982, 1.361997037073551
11821000: 1.361997037073551, 1.1662416589859677, 0.654068761943821, 0.7617765938819219, 0.9572207022141709: 0.791022019347: 1.2292862951737014, 1.805298809312593, 1.7323840674913982, 1.361997037073551, 1.1662416589859677
11851000: 1.1662416589859677, 0.654068761943821, 0.7617765938819219, 0.9572207022141709, 0.9545415244899703: 0.891179606862: 1.805298809312593, 1.7323840674913982, 1.361997037073551, 1.1662416589859677, 0.654068761943821
11881000: 0.654068761943821, 0.7617765938819219, 0.9572207022141709, 0.9545415244899703, 1.0229242821397106: 0.978228836281: 1.7323840674913982, 1.361997037073551, 1.1662416589859677, 0.654068761943821, 0.7617765938819219
11911000: 0.7617765938819219, 0.9572207022141709, 0.9545415244899703, 1.0229242821397106, 0.8681747594914839: 0.948546855374: 1.361997037073551, 1.1662416589859677, 0.654068761943821, 0.7617765938819219, 0.9572207022141709
11941000: 0.9572207022141709, 0.9545415244899703, 1.0229242821397106, 0.8681747594914839, 0.8048222302310604: 0.898640423954: 1.1662416589859677, 0.654068761943821, 0.7617765938819219, 0.9572207022141709, 0.9545415244899703
11971000: 0.9545415244899703, 1.0229242821397106, 0.8681747594914839, 0.8048222302310604, 0.6539894865356721: 0.775662158753: 0.654068761943821, 0.7617765938819219, 0.9572207022141709, 0.9545415244899703, 1.0229242821397106
12001000: 1.0229242821397106, 0.8681747594914839, 0.8048222302310604, 0.6539894865356721, 0.5887439776874709: 0.682518564818: 0.7617765938819219, 0.9572207022141709, 0.9545415244899703, 1.0229242821397106, 0.8681747594914839
12031000: 0.8681747594914839, 0.8048222302310604, 0.6539894865356721, 0.5887439776874709, 1.2315313142483297: 0.824754926157: 0.9572207022141709, 0.9545415244899703, 1.0229242821397106, 0.8681747594914839, 0.8048222302310604
12061000: 0.8048222302310604, 0.6539894865356721, 0.5887439776874709, 1.2315313142483297, 1.6110191317571714: 1.1437648079: 0.9545415244899703, 1.0229242821397106, 0.8681747594914839, 0.8048222302310604, 0.6539894865356721
12091000: 0.6539894865356721, 0.5887439776874709, 1.2315313142483297, 1.6110191317571714, 1.0545990963383214: 1.29904984745: 1.0229242821397106, 0.8681747594914839, 0.8048222302310604, 0.6539894865356721, 0.5887439776874709
12121000: 0.5887439776874709, 1.2315313142483297, 1.6110191317571714, 1.0545990963383214, 0.6487052237543409: 1.10477448395: 0.8681747594914839, 0.8048222302310604, 0.6539894865356721, 0.5887439776874709, 1.2315313142483297
12151000: 1.2315313142483297, 1.6110191317571714, 1.0545990963383214, 0.6487052237543409, 0.9206871023965141: 0.874663807496: 0.8048222302310604, 0.6539894865356721, 0.5887439776874709, 1.2315313142483297, 1.6110191317571714
12181000: 1.6110191317571714, 1.0545990963383214, 0.6487052237543409, 0.9206871023965141, 1.103491339869281: 0.890961222007: 0.6539894865356721, 0.5887439776874709, 1.2315313142483297, 1.6110191317571714, 1.0545990963383214
12211000: 1.0545990963383214, 0.6487052237543409, 0.9206871023965141, 1.103491339869281, 1.0438349019607844: 1.02267111474: 0.5887439776874709, 1.2315313142483297, 1.6110191317571714, 1.0545990963383214, 0.6487052237543409
12241000: 0.6487052237543409, 0.9206871023965141, 1.103491339869281, 1.0438349019607844, 0.644822679738562: 0.93071630719: 1.2315313142483297, 1.6110191317571714, 1.0545990963383214, 0.6487052237543409, 0.9206871023965141
12271000: 0.9206871023965141, 1.103491339869281, 1.0438349019607844, 0.644822679738562, 0.17103265250544672: 0.619896744735: 1.6110191317571714, 1.0545990963383214, 0.6487052237543409, 0.9206871023965141, 1.103491339869281
12301000: 1.103491339869281, 1.0438349019607844, 0.644822679738562, 0.17103265250544672, 0.20096354166666672: 0.338939624637: 1.0545990963383214, 0.6487052237543409, 0.9206871023965141, 1.103491339869281, 1.0438349019607844
12331000: 1.0438349019607844, 0.644822679738562, 0.17103265250544672, 0.20096354166666672, 0.5856977648420478: 0.319231319671: 0.6487052237543409, 0.9206871023965141, 1.103491339869281, 1.0438349019607844, 0.644822679738562
12361000: 0.644822679738562, 0.17103265250544672, 0.20096354166666672, 0.5856977648420478, 0.8362391131156549: 0.540966806541: 0.9206871023965141, 1.103491339869281, 1.0438349019607844, 0.644822679738562, 0.17103265250544672
12391000: 0.17103265250544672, 0.20096354166666672, 0.5856977648420478, 0.8362391131156549, 0.5829917529353772: 0.668309543631: 1.103491339869281, 1.0438349019607844, 0.644822679738562, 0.17103265250544672, 0.20096354166666672
12421000: 0.20096354166666672, 0.5856977648420478, 0.8362391131156549, 0.5829917529353772, 0.633316608221601: 0.684182491424: 1.0438349019607844, 0.644822679738562, 0.17103265250544672, 0.20096354166666672, 0.5856977648420478
12451000: 0.5856977648420478, 0.8362391131156549, 0.5829917529353772, 0.633316608221601, 1.1828137298249979: 0.799707363661: 0.644822679738562, 0.17103265250544672, 0.20096354166666672, 0.5856977648420478, 0.8362391131156549
12481000: 0.8362391131156549, 0.5829917529353772, 0.633316608221601, 1.1828137298249979, 1.377453937865582: 1.06452809197: 0.17103265250544672, 0.20096354166666672, 0.5856977648420478, 0.8362391131156549, 0.5829917529353772
12511000: 0.5829917529353772, 0.633316608221601, 1.1828137298249979, 1.377453937865582, 0.9222569882837384: 1.16084155199: 0.20096354166666672, 0.5856977648420478, 0.8362391131156549, 0.5829917529353772, 0.633316608221601
12541000: 0.633316608221601, 1.1828137298249979, 1.377453937865582, 0.9222569882837384, 0.49869598793241976: 0.932802304694: 0.5856977648420478, 0.8362391131156549, 0.5829917529353772, 0.633316608221601, 1.1828137298249979
12571000: 1.1828137298249979, 1.377453937865582, 0.9222569882837384, 0.49869598793241976, 0.6198895124768212: 0.680280829564: 0.8362391131156549, 0.5829917529353772, 0.633316608221601, 1.1828137298249979, 1.377453937865582
