301000: 0.0, 0.0, 0.0, 0.0, 0.0: 0.0: 0.0, 0.0, 0.0, 0.0, 0.0
331000: 0.0, 0.0, 0.0, 0.0, 0.0: 0.0: 0.0, 0.0, 0.0, 0.0, 0.0
361000: 0.0, 0.0, 0.0, 0.0, 0.0: 0.0: 0.0, 0.0, 0.0, 0.0, 0.0
391000: 0.0, 0.0, 0.0, 0.0, 0.0: 0.0: 0.0, 0.0, 0.0, 0.0, 0.0
421000: 0.0, 0.0, 0.0, 0.0, 0.048921266968325786: 0.0122303167421: 0.0, 0.0, 0.0, 0.0, 0.0
451000: 0.0, 0.0, 0.0, 0.048921266968325786, 0.4520109150326798: 0.1252330455: 0.0, 0.0, 0.0, 0.0, 0.0
481000: 0.0, 0.0, 0.048921266968325786, 0.4520109150326798, 0.5898239684933804: 0.272689037624: 0.0, 0.0, 0.0, 0.0, 0.0
511000: 0.0, 0.048921266968325786, 0.4520109150326798, 0.5898239684933804, 0.45468474777945367: 0.386360224568: 0.0, 0.0, 0.0, 0.0, 0.0
541000: 0.048921266968325786, 0.4520109150326798, 0.5898239684933804, 0.45468474777945367, 0.5818344947209655: 0.519588531507: 0.0, 0.0, 0.0, 0.0, 0.048921266968325786
571000: 0.4520109150326798, 0.5898239684933804, 0.45468474777945367, 0.5818344947209655, 0.7712117671149659: 0.599388744527: 0.0, 0.0, 0.0, 0.048921266968325786, 0.4520109150326798
601000: 0.5898239684933804, 0.45468474777945367, 0.5818344947209655, 0.7712117671149659, 1.0136649058362661: 0.705348978863: 0.0, 0.0, 0.048921266968325786, 0.4520109150326798, 0.5898239684933804
631000: 0.45468474777945367, 0.5818344947209655, 0.7712117671149659, 1.0136649058362661, 0.8692125136165576: 0.808980920322: 0.0, 0.048921266968325786, 0.4520109150326798, 0.5898239684933804, 0.45468474777945367
661000: 0.5818344947209655, 0.7712117671149659, 1.0136649058362661, 0.8692125136165576, 0.599912796631473: 0.8135004958: 0.048921266968325786, 0.4520109150326798, 0.5898239684933804, 0.45468474777945367, 0.5818344947209655
691000: 0.7712117671149659, 1.0136649058362661, 0.8692125136165576, 0.599912796631473, 0.44358855664488017: 0.731594693182: 0.4520109150326798, 0.5898239684933804, 0.45468474777945367, 0.5818344947209655, 0.7712117671149659
721000: 1.0136649058362661, 0.8692125136165576, 0.599912796631473, 0.44358855664488017, 0.755906165577342: 0.667155008118: 0.5898239684933804, 0.45468474777945367, 0.5818344947209655, 0.7712117671149659, 1.0136649058362661
751000: 0.8692125136165576, 0.599912796631473, 0.44358855664488017, 0.755906165577342, 1.2788417429193897: 0.769562315443: 0.45468474777945367, 0.5818344947209655, 0.7712117671149659, 1.0136649058362661, 0.8692125136165576
781000: 0.599912796631473, 0.44358855664488017, 0.755906165577342, 1.2788417429193897, 1.1637910130718958: 0.910531869553: 0.5818344947209655, 0.7712117671149659, 1.0136649058362661, 0.8692125136165576, 0.599912796631473
811000: 0.44358855664488017, 0.755906165577342, 1.2788417429193897, 1.1637910130718958, 0.8228027342047927: 1.00533541394: 0.7712117671149659, 1.0136649058362661, 0.8692125136165576, 0.599912796631473, 0.44358855664488017
841000: 0.755906165577342, 1.2788417429193897, 1.1637910130718958, 0.8228027342047927, 0.652034645969499: 0.979367534041: 1.0136649058362661, 0.8692125136165576, 0.599912796631473, 0.44358855664488017, 0.755906165577342
871000: 1.2788417429193897, 1.1637910130718958, 0.8228027342047927, 0.652034645969499, 1.1949837581699347: 0.958403037854: 0.8692125136165576, 0.599912796631473, 0.44358855664488017, 0.755906165577342, 1.2788417429193897
901000: 1.1637910130718958, 0.8228027342047927, 0.652034645969499, 1.1949837581699347, 1.487598676470588: 1.0393549537: 0.599912796631473, 0.44358855664488017, 0.755906165577342, 1.2788417429193897, 1.1637910130718958
931000: 0.8228027342047927, 0.652034645969499, 1.1949837581699347, 1.487598676470588, 0.907857037037037: 1.06061852941: 0.44358855664488017, 0.755906165577342, 1.2788417429193897, 1.1637910130718958, 0.8228027342047927
961000: 0.652034645969499, 1.1949837581699347, 1.487598676470588, 0.907857037037037, 0.9339580501089325: 1.13109938045: 0.755906165577342, 1.2788417429193897, 1.1637910130718958, 0.8228027342047927, 0.652034645969499
991000: 1.1949837581699347, 1.487598676470588, 0.907857037037037, 0.9339580501089325, 1.4852210784313726: 1.20365871051: 1.2788417429193897, 1.1637910130718958, 0.8228027342047927, 0.652034645969499, 1.1949837581699347
1021000: 1.487598676470588, 0.907857037037037, 0.9339580501089325, 1.4852210784313726, 1.3136864596949893: 1.16018065632: 1.1637910130718958, 0.8228027342047927, 0.652034645969499, 1.1949837581699347, 1.487598676470588
1051000: 0.907857037037037, 0.9339580501089325, 1.4852210784313726, 1.3136864596949893, 0.692013888888889: 1.10621986928: 0.8228027342047927, 0.652034645969499, 1.1949837581699347, 1.487598676470588, 0.907857037037037
1081000: 0.9339580501089325, 1.4852210784313726, 1.3136864596949893, 0.692013888888889, 0.5249912527233117: 1.00397816993: 0.652034645969499, 1.1949837581699347, 1.487598676470588, 0.907857037037037, 0.9339580501089325
1111000: 1.4852210784313726, 1.3136864596949893, 0.692013888888889, 0.5249912527233117, 0.7348403050108934: 0.81638297658: 1.1949837581699347, 1.487598676470588, 0.907857037037037, 0.9339580501089325, 1.4852210784313726
1141000: 1.3136864596949893, 0.692013888888889, 0.5249912527233117, 0.7348403050108934, 0.877301448801743: 0.707286723856: 1.487598676470588, 0.907857037037037, 0.9339580501089325, 1.4852210784313726, 1.3136864596949893
1171000: 0.692013888888889, 0.5249912527233117, 0.7348403050108934, 0.877301448801743, 0.7500730882352938: 0.721801523693: 0.907857037037037, 0.9339580501089325, 1.4852210784313726, 1.3136864596949893, 0.692013888888889
1201000: 0.5249912527233117, 0.7348403050108934, 0.877301448801743, 0.7500730882352938, 0.9680231808278863: 0.832559505719: 0.9339580501089325, 1.4852210784313726, 1.3136864596949893, 0.692013888888889, 0.5249912527233117
1231000: 0.7348403050108934, 0.877301448801743, 0.7500730882352938, 0.9680231808278863, 1.1217219553376903: 0.929279918301: 1.4852210784313726, 1.3136864596949893, 0.692013888888889, 0.5249912527233117, 0.7348403050108934
1261000: 0.877301448801743, 0.7500730882352938, 0.9680231808278863, 1.1217219553376903, 0.6818785511982568: 0.8804241939: 1.3136864596949893, 0.692013888888889, 0.5249912527233117, 0.7348403050108934, 0.877301448801743
1291000: 0.7500730882352938, 0.9680231808278863, 1.1217219553376903, 0.6818785511982568, 0.8162348148148149: 0.896964625545: 0.692013888888889, 0.5249912527233117, 0.7348403050108934, 0.877301448801743, 0.7500730882352938
1321000: 0.9680231808278863, 1.1217219553376903, 0.6818785511982568, 0.8162348148148149, 1.1011962962962962: 0.930257904412: 0.5249912527233117, 0.7348403050108934, 0.877301448801743, 0.7500730882352938, 0.9680231808278863
1351000: 1.1217219553376903, 0.6818785511982568, 0.8162348148148149, 1.1011962962962962, 0.5932779302832245: 0.798146898148: 0.7348403050108934, 0.877301448801743, 0.7500730882352938, 0.9680231808278863, 1.1217219553376903
1381000: 0.6818785511982568, 0.8162348148148149, 1.1011962962962962, 0.5932779302832245, 0.670347233115468: 0.795264068627: 0.877301448801743, 0.7500730882352938, 0.9680231808278863, 1.1217219553376903, 0.6818785511982568
1411000: 0.8162348148148149, 1.1011962962962962, 0.5932779302832245, 0.670347233115468, 1.093747450980392: 0.864642227669: 0.7500730882352938, 0.9680231808278863, 1.1217219553376903, 0.6818785511982568, 0.8162348148148149
1441000: 1.1011962962962962, 0.5932779302832245, 0.670347233115468, 1.093747450980392, 1.4123961546840955: 0.942442192266: 0.9680231808278863, 1.1217219553376903, 0.6818785511982568, 0.8162348148148149, 1.1011962962962962
1471000: 0.5932779302832245, 0.670347233115468, 1.093747450980392, 1.4123961546840955, 1.6275273774509809: 1.20100455406: 1.1217219553376903, 0.6818785511982568, 0.8162348148148149, 1.1011962962962962, 0.5932779302832245
1501000: 0.670347233115468, 1.093747450980392, 1.4123961546840955, 1.6275273774509809, 1.3990974240676664: 1.3831921018: 0.6818785511982568, 0.8162348148148149, 1.1011962962962962, 0.5932779302832245, 0.670347233115468
1531000: 1.093747450980392, 1.4123961546840955, 1.6275273774509809, 1.3990974240676664, 1.4066177510252469: 1.46140967681: 0.8162348148148149, 1.1011962962962962, 0.5932779302832245, 0.670347233115468, 1.093747450980392
1561000: 1.4123961546840955, 1.6275273774509809, 1.3990974240676664, 1.4066177510252469, 1.2545815061514805: 1.42195601467: 1.1011962962962962, 0.5932779302832245, 0.670347233115468, 1.093747450980392, 1.4123961546840955
1591000: 1.6275273774509809, 1.3990974240676664, 1.4066177510252469, 1.2545815061514805, 0.869230413943355: 1.2323817738: 0.5932779302832245, 0.670347233115468, 1.093747450980392, 1.4123961546840955, 1.6275273774509809
1621000: 1.3990974240676664, 1.4066177510252469, 1.2545815061514805, 0.869230413943355, 0.86154954248366: 1.0979948034: 0.670347233115468, 1.093747450980392, 1.4123961546840955, 1.6275273774509809, 1.3990974240676664
1651000: 1.4066177510252469, 1.2545815061514805, 0.869230413943355, 0.86154954248366, 1.0230838562091502: 1.0021113297: 1.093747450980392, 1.4123961546840955, 1.6275273774509809, 1.3990974240676664, 1.4066177510252469
1681000: 1.2545815061514805, 0.869230413943355, 0.86154954248366, 1.0230838562091502, 1.140625708061002: 0.973622380174: 1.4123961546840955, 1.6275273774509809, 1.3990974240676664, 1.4066177510252469, 1.2545815061514805
1711000: 0.869230413943355, 0.86154954248366, 1.0230838562091502, 1.140625708061002, 0.6810727015250543: 0.92658295207: 1.6275273774509809, 1.3990974240676664, 1.4066177510252469, 1.2545815061514805, 0.869230413943355
1741000: 0.86154954248366, 1.0230838562091502, 1.140625708061002, 0.6810727015250543, 0.6813129411764706: 0.881523801743: 1.3990974240676664, 1.4066177510252469, 1.2545815061514805, 0.869230413943355, 0.86154954248366
1771000: 1.0230838562091502, 1.140625708061002, 0.6810727015250543, 0.6813129411764706, 0.8771202638499839: 0.845032903653: 1.4066177510252469, 1.2545815061514805, 0.869230413943355, 0.86154954248366, 1.0230838562091502
1801000: 1.140625708061002, 0.6810727015250543, 0.6813129411764706, 0.8771202638499839, 0.3928241448801743: 0.658082512858: 1.2545815061514805, 0.869230413943355, 0.86154954248366, 1.0230838562091502, 1.140625708061002
1831000: 0.6810727015250543, 0.6813129411764706, 0.8771202638499839, 0.3928241448801743, 0.6247144692654839: 0.643992954793: 0.869230413943355, 0.86154954248366, 1.0230838562091502, 1.140625708061002, 0.6810727015250543
1861000: 0.6813129411764706, 0.8771202638499839, 0.3928241448801743, 0.6247144692654839, 1.2156901525054464: 0.777587257625: 0.86154954248366, 1.0230838562091502, 1.140625708061002, 0.6810727015250543, 0.6813129411764706
1891000: 0.8771202638499839, 0.3928241448801743, 0.6247144692654839, 1.2156901525054464, 0.8205718518518519: 0.763450154626: 1.0230838562091502, 1.140625708061002, 0.6810727015250543, 0.6813129411764706, 0.8771202638499839
1921000: 0.3928241448801743, 0.6247144692654839, 1.2156901525054464, 0.8205718518518519, 0.4848442701525054: 0.786455185944: 1.140625708061002, 0.6810727015250543, 0.6813129411764706, 0.8771202638499839, 0.3928241448801743
1951000: 0.6247144692654839, 1.2156901525054464, 0.8205718518518519, 0.4848442701525054, 0.9535651851851856: 0.868667864924: 0.6810727015250543, 0.6813129411764706, 0.8771202638499839, 0.3928241448801743, 0.6247144692654839
1981000: 1.2156901525054464, 0.8205718518518519, 0.4848442701525054, 0.9535651851851856, 0.7326133333333334: 0.747898660131: 0.6813129411764706, 0.8771202638499839, 0.3928241448801743, 0.6247144692654839, 1.2156901525054464
2011000: 0.8205718518518519, 0.4848442701525054, 0.9535651851851856, 0.7326133333333334, 0.5324546405228754: 0.675869357298: 0.8771202638499839, 0.3928241448801743, 0.6247144692654839, 1.2156901525054464, 0.8205718518518519
2041000: 0.4848442701525054, 0.9535651851851856, 0.7326133333333334, 0.5324546405228754, 0.4377583879050678: 0.664097886737: 0.3928241448801743, 0.6247144692654839, 1.2156901525054464, 0.8205718518518519, 0.4848442701525054
2071000: 0.9535651851851856, 0.7326133333333334, 0.5324546405228754, 0.4377583879050678, 0.7947758801901171: 0.624400560488: 0.6247144692654839, 1.2156901525054464, 0.8205718518518519, 0.4848442701525054, 0.9535651851851856
2101000: 0.7326133333333334, 0.5324546405228754, 0.4377583879050678, 0.7947758801901171, 0.8843450612712129: 0.662333492472: 1.2156901525054464, 0.8205718518518519, 0.4848442701525054, 0.9535651851851856, 0.7326133333333334
2131000: 0.5324546405228754, 0.4377583879050678, 0.7947758801901171, 0.8843450612712129, 0.25137637072908253: 0.592063925024: 0.8205718518518519, 0.4848442701525054, 0.9535651851851856, 0.7326133333333334, 0.5324546405228754
2161000: 0.4377583879050678, 0.7947758801901171, 0.8843450612712129, 0.25137637072908253, 0.16516509803921567: 0.523915602557: 0.4848442701525054, 0.9535651851851856, 0.7326133333333334, 0.5324546405228754, 0.4377583879050678
2191000: 0.7947758801901171, 0.8843450612712129, 0.25137637072908253, 0.16516509803921567, 0.19959607843137248: 0.375120652118: 0.9535651851851856, 0.7326133333333334, 0.5324546405228754, 0.4377583879050678, 0.7947758801901171
2221000: 0.8843450612712129, 0.25137637072908253, 0.16516509803921567, 0.19959607843137248, 0.15058545391602965: 0.191680750279: 0.7326133333333334, 0.5324546405228754, 0.4377583879050678, 0.7947758801901171, 0.8843450612712129
2251000: 0.25137637072908253, 0.16516509803921567, 0.19959607843137248, 0.15058545391602965, 0.05994380987472365: 0.143822610065: 0.5324546405228754, 0.4377583879050678, 0.7947758801901171, 0.8843450612712129, 0.25137637072908253
2281000: 0.16516509803921567, 0.19959607843137248, 0.15058545391602965, 0.05994380987472365, 0.09067495726588354: 0.125200074872: 0.4377583879050678, 0.7947758801901171, 0.8843450612712129, 0.25137637072908253, 0.16516509803921567
2311000: 0.19959607843137248, 0.15058545391602965, 0.05994380987472365, 0.09067495726588354, 0.5023884759874965: 0.200898174261: 0.7947758801901171, 0.8843450612712129, 0.25137637072908253, 0.16516509803921567, 0.19959607843137248
2341000: 0.15058545391602965, 0.05994380987472365, 0.09067495726588354, 0.5023884759874965, 0.9263230733162828: 0.394832579111: 0.8843450612712129, 0.25137637072908253, 0.16516509803921567, 0.19959607843137248, 0.15058545391602965
2371000: 0.05994380987472365, 0.09067495726588354, 0.5023884759874965, 0.9263230733162828, 1.1027822889078334: 0.655542198869: 0.25137637072908253, 0.16516509803921567, 0.19959607843137248, 0.15058545391602965, 0.05994380987472365
2401000: 0.09067495726588354, 0.5023884759874965, 0.9263230733162828, 1.1027822889078334, 1.5005243743487733: 1.00800455314: 0.16516509803921567, 0.19959607843137248, 0.15058545391602965, 0.05994380987472365, 0.09067495726588354
2431000: 0.5023884759874965, 0.9263230733162828, 1.1027822889078334, 1.5005243743487733, 2.443027099933693: 1.49316420913: 0.19959607843137248, 0.15058545391602965, 0.05994380987472365, 0.09067495726588354, 0.5023884759874965
2461000: 0.9263230733162828, 1.1027822889078334, 1.5005243743487733, 2.443027099933693, 2.5320825163398695: 1.89460406988: 0.15058545391602965, 0.05994380987472365, 0.09067495726588354, 0.5023884759874965, 0.9263230733162828
2491000: 1.1027822889078334, 1.5005243743487733, 2.443027099933693, 2.5320825163398695, 1.5116871199529818: 1.99683027764: 0.05994380987472365, 0.09067495726588354, 0.5023884759874965, 0.9263230733162828, 1.1027822889078334
2521000: 1.5005243743487733, 2.443027099933693, 2.5320825163398695, 1.5116871199529818, 1.4640591932899296: 1.98771398238: 0.09067495726588354, 0.5023884759874965, 0.9263230733162828, 1.1027822889078334, 1.5005243743487733
2551000: 2.443027099933693, 2.5320825163398695, 1.5116871199529818, 1.4640591932899296, 1.1457817640119112: 1.6634026484: 0.5023884759874965, 0.9263230733162828, 1.1027822889078334, 1.5005243743487733, 2.443027099933693
2581000: 2.5320825163398695, 1.5116871199529818, 1.4640591932899296, 1.1457817640119112, 0.7036093579924463: 1.20628435881: 0.9263230733162828, 1.1027822889078334, 1.5005243743487733, 2.443027099933693, 2.5320825163398695
2611000: 1.5116871199529818, 1.4640591932899296, 1.1457817640119112, 0.7036093579924463, 1.0798585213364622: 1.09832720916: 1.1027822889078334, 1.5005243743487733, 2.443027099933693, 2.5320825163398695, 1.5116871199529818
2641000: 1.4640591932899296, 1.1457817640119112, 0.7036093579924463, 1.0798585213364622, 1.522639926922721: 1.11297239257: 1.5005243743487733, 2.443027099933693, 2.5320825163398695, 1.5116871199529818, 1.4640591932899296
2671000: 1.1457817640119112, 0.7036093579924463, 1.0798585213364622, 1.522639926922721, 2.342308327318916: 1.41210403339: 2.443027099933693, 2.5320825163398695, 1.5116871199529818, 1.4640591932899296, 1.1457817640119112
2701000: 0.7036093579924463, 1.0798585213364622, 1.522639926922721, 2.342308327318916, 2.861067352646764: 1.95146853206: 2.5320825163398695, 1.5116871199529818, 1.4640591932899296, 1.1457817640119112, 0.7036093579924463
2731000: 1.0798585213364622, 1.522639926922721, 2.342308327318916, 2.861067352646764, 2.7421292620982323: 2.36703621725: 1.5116871199529818, 1.4640591932899296, 1.1457817640119112, 0.7036093579924463, 1.0798585213364622
2761000: 1.522639926922721, 2.342308327318916, 2.861067352646764, 2.7421292620982323, 2.4468235006014414: 2.59808211067: 1.4640591932899296, 1.1457817640119112, 0.7036093579924463, 1.0798585213364622, 1.522639926922721
2791000: 2.342308327318916, 2.861067352646764, 2.7421292620982323, 2.4468235006014414, 1.8356379391786743: 2.47141451363: 1.1457817640119112, 0.7036093579924463, 1.0798585213364622, 1.522639926922721, 2.342308327318916
2821000: 2.861067352646764, 2.7421292620982323, 2.4468235006014414, 1.8356379391786743, 1.7254294117647058: 2.18750502841: 0.7036093579924463, 1.0798585213364622, 1.522639926922721, 2.342308327318916, 2.861067352646764
2851000: 2.7421292620982323, 2.4468235006014414, 1.8356379391786743, 1.7254294117647058, 1.7889977723311552: 1.94922215597: 1.0798585213364622, 1.522639926922721, 2.342308327318916, 2.861067352646764, 2.7421292620982323
2881000: 2.4468235006014414, 1.8356379391786743, 1.7254294117647058, 1.7889977723311552, 0.8430451525054468: 1.54827756894: 1.522639926922721, 2.342308327318916, 2.861067352646764, 2.7421292620982323, 2.4468235006014414
2911000: 1.8356379391786743, 1.7254294117647058, 1.7889977723311552, 0.8430451525054468, 0.1641501252723311: 1.13040561547: 2.342308327318916, 2.861067352646764, 2.7421292620982323, 2.4468235006014414, 1.8356379391786743
2941000: 1.7254294117647058, 1.7889977723311552, 0.8430451525054468, 0.1641501252723311, 0.38510861655773415: 0.795325416667: 2.861067352646764, 2.7421292620982323, 2.4468235006014414, 1.8356379391786743, 1.7254294117647058
2971000: 1.7889977723311552, 0.8430451525054468, 0.1641501252723311, 0.38510861655773415, 0.8524340522875821: 0.561184486656: 2.7421292620982323, 2.4468235006014414, 1.8356379391786743, 1.7254294117647058, 1.7889977723311552
3001000: 0.8430451525054468, 0.1641501252723311, 0.38510861655773415, 0.8524340522875821, 1.1727328867102398: 0.643606420207: 2.4468235006014414, 1.8356379391786743, 1.7254294117647058, 1.7889977723311552, 0.8430451525054468
3031000: 0.1641501252723311, 0.38510861655773415, 0.8524340522875821, 1.1727328867102398, 1.3317111233660133: 0.93549666973: 1.8356379391786743, 1.7254294117647058, 1.7889977723311552, 0.8430451525054468, 0.1641501252723311
3061000: 0.38510861655773415, 0.8524340522875821, 1.1727328867102398, 1.3317111233660133, 1.7037384797645188: 1.26515413553: 1.7254294117647058, 1.7889977723311552, 0.8430451525054468, 0.1641501252723311, 0.38510861655773415
3091000: 0.8524340522875821, 1.1727328867102398, 1.3317111233660133, 1.7037384797645188, 1.6810548457499321: 1.4723093339: 1.7889977723311552, 0.8430451525054468, 0.1641501252723311, 0.38510861655773415, 0.8524340522875821
3121000: 1.1727328867102398, 1.3317111233660133, 1.7037384797645188, 1.6810548457499321, 1.2858959860834522: 1.50060010874: 0.8430451525054468, 0.1641501252723311, 0.38510861655773415, 0.8524340522875821, 1.1727328867102398
3151000: 1.3317111233660133, 1.7037384797645188, 1.6810548457499321, 1.2858959860834522, 1.2469638180827884: 1.47941328242: 0.1641501252723311, 0.38510861655773415, 0.8524340522875821, 1.1727328867102398, 1.3317111233660133
3181000: 1.7037384797645188, 1.6810548457499321, 1.2858959860834522, 1.2469638180827884, 0.9253659422657952: 1.28482014805: 0.38510861655773415, 0.8524340522875821, 1.1727328867102398, 1.3317111233660133, 1.7037384797645188
3211000: 1.6810548457499321, 1.2858959860834522, 1.2469638180827884, 0.9253659422657952, 0.34295070031658503: 0.950294111687: 0.8524340522875821, 1.1727328867102398, 1.3317111233660133, 1.7037384797645188, 1.6810548457499321
3241000: 1.2858959860834522, 1.2469638180827884, 0.9253659422657952, 0.34295070031658503, 0.17081515489898216: 0.671523903891: 1.1727328867102398, 1.3317111233660133, 1.7037384797645188, 1.6810548457499321, 1.2858959860834522
3271000: 1.2469638180827884, 0.9253659422657952, 0.34295070031658503, 0.17081515489898216, 0.7338318674045141: 0.543240916221: 1.3317111233660133, 1.7037384797645188, 1.6810548457499321, 1.2858959860834522, 1.2469638180827884
3301000: 0.9253659422657952, 0.34295070031658503, 0.17081515489898216, 0.7338318674045141, 2.219958011950657: 0.866888933643: 1.7037384797645188, 1.6810548457499321, 1.2858959860834522, 1.2469638180827884, 0.9253659422657952
3331000: 0.34295070031658503, 0.17081515489898216, 0.7338318674045141, 2.219958011950657, 2.600025294117646: 1.43115758209: 1.6810548457499321, 1.2858959860834522, 1.2469638180827884, 0.9253659422657952, 0.34295070031658503
3361000: 0.17081515489898216, 0.7338318674045141, 2.219958011950657, 2.600025294117646, 1.6572455555555552: 1.80276518226: 1.2858959860834522, 1.2469638180827884, 0.9253659422657952, 0.34295070031658503, 0.17081515489898216
3391000: 0.7338318674045141, 2.219958011950657, 2.600025294117646, 1.6572455555555552, 1.4807603703703707: 1.989497308: 1.2469638180827884, 0.9253659422657952, 0.34295070031658503, 0.17081515489898216, 0.7338318674045141
3421000: 2.219958011950657, 2.600025294117646, 1.6572455555555552, 1.4807603703703707, 1.2546491775599125: 1.7481700994: 0.9253659422657952, 0.34295070031658503, 0.17081515489898216, 0.7338318674045141, 2.219958011950657
3451000: 2.600025294117646, 1.6572455555555552, 1.4807603703703707, 1.2546491775599125, 0.7574465141612202: 1.28752540441: 0.34295070031658503, 0.17081515489898216, 0.7338318674045141, 2.219958011950657, 2.600025294117646
3481000: 1.6572455555555552, 1.4807603703703707, 1.2546491775599125, 0.7574465141612202, 0.5894472058823529: 1.02057581699: 0.17081515489898216, 0.7338318674045141, 2.219958011950657, 2.600025294117646, 1.6572455555555552
3511000: 1.4807603703703707, 1.2546491775599125, 0.7574465141612202, 0.5894472058823529, 0.4997020043572986: 0.77531122549: 0.7338318674045141, 2.219958011950657, 2.600025294117646, 1.6572455555555552, 1.4807603703703707
3541000: 1.2546491775599125, 0.7574465141612202, 0.5894472058823529, 0.4997020043572986, 0.3898260566448803: 0.559105445261: 2.219958011950657, 2.600025294117646, 1.6572455555555552, 1.4807603703703707, 1.2546491775599125
3571000: 0.7574465141612202, 0.5894472058823529, 0.4997020043572986, 0.3898260566448803, 0.4067542919389978: 0.471432389706: 2.600025294117646, 1.6572455555555552, 1.4807603703703707, 1.2546491775599125, 0.7574465141612202
3601000: 0.5894472058823529, 0.4997020043572986, 0.3898260566448803, 0.4067542919389978, 1.0859826143790845: 0.59556624183: 1.6572455555555552, 1.4807603703703707, 1.2546491775599125, 0.7574465141612202, 0.5894472058823529
3631000: 0.4997020043572986, 0.3898260566448803, 0.4067542919389978, 1.0859826143790845, 2.4200075435729858: 1.07564262663: 1.4807603703703707, 1.2546491775599125, 0.7574465141612202, 0.5894472058823529, 0.4997020043572986
3661000: 0.3898260566448803, 0.4067542919389978, 1.0859826143790845, 2.4200075435729858, 2.242267930283225: 1.53875309504: 1.2546491775599125, 0.7574465141612202, 0.5894472058823529, 0.4997020043572986, 0.3898260566448803
3691000: 0.4067542919389978, 1.0859826143790845, 2.4200075435729858, 2.242267930283225, 1.0686521078431368: 1.70422754902: 0.7574465141612202, 0.5894472058823529, 0.4997020043572986, 0.3898260566448803, 0.4067542919389978
3721000: 1.0859826143790845, 2.4200075435729858, 2.242267930283225, 1.0686521078431368, 1.3766310239651418: 1.77688965142: 0.5894472058823529, 0.4997020043572986, 0.3898260566448803, 0.4067542919389978, 1.0859826143790845
3751000: 2.4200075435729858, 2.242267930283225, 1.0686521078431368, 1.3766310239651418, 1.3754993899782137: 1.51576261302: 0.4997020043572986, 0.3898260566448803, 0.4067542919389978, 1.0859826143790845, 2.4200075435729858
3781000: 2.242267930283225, 1.0686521078431368, 1.3766310239651418, 1.3754993899782137, 1.0676125434878811: 1.22209876632: 0.3898260566448803, 0.4067542919389978, 1.0859826143790845, 2.4200075435729858, 2.242267930283225
3811000: 1.0686521078431368, 1.3766310239651418, 1.3754993899782137, 1.0676125434878811, 1.9918450772101373: 1.45289700866: 0.4067542919389978, 1.0859826143790845, 2.4200075435729858, 2.242267930283225, 1.0686521078431368
3841000: 1.3766310239651418, 1.3754993899782137, 1.0676125434878811, 1.9918450772101373, 2.207665155601086: 1.66065554157: 1.0859826143790845, 2.4200075435729858, 2.242267930283225, 1.0686521078431368, 1.3766310239651418
3871000: 1.3754993899782137, 1.0676125434878811, 1.9918450772101373, 2.207665155601086, 1.4885695484116492: 1.68892308118: 2.4200075435729858, 2.242267930283225, 1.0686521078431368, 1.3766310239651418, 1.3754993899782137
3901000: 1.0676125434878811, 1.9918450772101373, 2.207665155601086, 1.4885695484116492, 1.9177335265022895: 1.90145332693: 2.242267930283225, 1.0686521078431368, 1.3766310239651418, 1.3754993899782137, 1.0676125434878811
3931000: 1.9918450772101373, 2.207665155601086, 1.4885695484116492, 1.9177335265022895, 2.8666412732678235: 2.12015237595: 1.0686521078431368, 1.3766310239651418, 1.3754993899782137, 1.0676125434878811, 1.9918450772101373
3961000: 2.207665155601086, 1.4885695484116492, 1.9177335265022895, 2.8666412732678235, 3.2057259424778937: 2.36966757266: 1.3766310239651418, 1.3754993899782137, 1.0676125434878811, 1.9918450772101373, 2.207665155601086
3991000: 1.4885695484116492, 1.9177335265022895, 2.8666412732678235, 3.2057259424778937, 3.7109551118870985: 2.92526396353: 1.3754993899782137, 1.0676125434878811, 1.9918450772101373, 2.207665155601086, 1.4885695484116492
4021000: 1.9177335265022895, 2.8666412732678235, 3.2057259424778937, 3.7109551118870985, 4.119963399367399: 3.47582143175: 1.0676125434878811, 1.9918450772101373, 2.207665155601086, 1.4885695484116492, 1.9177335265022895
4051000: 2.8666412732678235, 3.2057259424778937, 3.7109551118870985, 4.119963399367399, 3.272363981008169: 3.57725210869: 1.9918450772101373, 2.207665155601086, 1.4885695484116492, 1.9177335265022895, 2.8666412732678235
4081000: 3.2057259424778937, 3.7109551118870985, 4.119963399367399, 3.272363981008169, 1.9310076425671086: 3.25857253371: 2.207665155601086, 1.4885695484116492, 1.9177335265022895, 2.8666412732678235, 3.2057259424778937
4111000: 3.7109551118870985, 4.119963399367399, 3.272363981008169, 1.9310076425671086, 1.1697560104882136: 2.62327275836: 1.4885695484116492, 1.9177335265022895, 2.8666412732678235, 3.2057259424778937, 3.7109551118870985
4141000: 4.119963399367399, 3.272363981008169, 1.9310076425671086, 1.1697560104882136, 0.8529629337703643: 1.80652264196: 1.9177335265022895, 2.8666412732678235, 3.2057259424778937, 3.7109551118870985, 4.119963399367399
4171000: 3.272363981008169, 1.9310076425671086, 1.1697560104882136, 0.8529629337703643, 0.7976177509955765: 1.18783608446: 2.8666412732678235, 3.2057259424778937, 3.7109551118870985, 4.119963399367399, 3.272363981008169
4201000: 1.9310076425671086, 1.1697560104882136, 0.8529629337703643, 0.7976177509955765, 0.8467535926182358: 0.916772571968: 3.2057259424778937, 3.7109551118870985, 4.119963399367399, 3.272363981008169, 1.9310076425671086
4231000: 1.1697560104882136, 0.8529629337703643, 0.7976177509955765, 0.8467535926182358, 1.3575358400486228: 0.963717529358: 3.7109551118870985, 4.119963399367399, 3.272363981008169, 1.9310076425671086, 1.1697560104882136
4261000: 0.8529629337703643, 0.7976177509955765, 0.8467535926182358, 1.3575358400486228, 2.749365377302231: 1.43781814024: 4.119963399367399, 3.272363981008169, 1.9310076425671086, 1.1697560104882136, 0.8529629337703643
4291000: 0.7976177509955765, 0.8467535926182358, 1.3575358400486228, 2.749365377302231, 3.312920201312905: 2.06664375282: 3.272363981008169, 1.9310076425671086, 1.1697560104882136, 0.8529629337703643, 0.7976177509955765
4321000: 0.8467535926182358, 1.3575358400486228, 2.749365377302231, 3.312920201312905, 3.390631476849317: 2.70261322388: 1.9310076425671086, 1.1697560104882136, 0.8529629337703643, 0.7976177509955765, 0.8467535926182358
4351000: 1.3575358400486228, 2.749365377302231, 3.312920201312905, 3.390631476849317, 2.5467553398871283: 2.99991809884: 1.1697560104882136, 0.8529629337703643, 0.7976177509955765, 0.8467535926182358, 1.3575358400486228
4381000: 2.749365377302231, 3.312920201312905, 3.390631476849317, 2.5467553398871283, 2.0984050233305984: 2.83717801034: 0.8529629337703643, 0.7976177509955765, 0.8467535926182358, 1.3575358400486228, 2.749365377302231
4411000: 3.312920201312905, 3.390631476849317, 2.5467553398871283, 2.0984050233305984, 3.8130168977076084: 2.96220218444: 0.7976177509955765, 0.8467535926182358, 1.3575358400486228, 2.749365377302231, 3.312920201312905
4441000: 3.390631476849317, 2.5467553398871283, 2.0984050233305984, 3.8130168977076084, 4.280206166361512: 3.18459585682: 0.8467535926182358, 1.3575358400486228, 2.749365377302231, 3.312920201312905, 3.390631476849317
4471000: 2.5467553398871283, 2.0984050233305984, 3.8130168977076084, 4.280206166361512, 3.186444435599962: 3.34451813075: 1.3575358400486228, 2.749365377302231, 3.312920201312905, 3.390631476849317, 2.5467553398871283
4501000: 2.0984050233305984, 3.8130168977076084, 4.280206166361512, 3.186444435599962, 2.2882406983827135: 3.39197704951: 2.749365377302231, 3.312920201312905, 3.390631476849317, 2.5467553398871283, 2.0984050233305984
4531000: 3.8130168977076084, 4.280206166361512, 3.186444435599962, 2.2882406983827135, 2.277717667416737: 3.00815224194: 3.312920201312905, 3.390631476849317, 2.5467553398871283, 2.0984050233305984, 3.8130168977076084
4561000: 4.280206166361512, 3.186444435599962, 2.2882406983827135, 2.277717667416737, 2.104703776427575: 2.46427664446: 3.390631476849317, 2.5467553398871283, 2.0984050233305984, 3.8130168977076084, 4.280206166361512
4591000: 3.186444435599962, 2.2882406983827135, 2.277717667416737, 2.104703776427575, 1.9102482649257304: 2.14522760179: 2.5467553398871283, 2.0984050233305984, 3.8130168977076084, 4.280206166361512, 3.186444435599962
4621000: 2.2882406983827135, 2.277717667416737, 2.104703776427575, 1.9102482649257304, 2.0041873535509658: 2.07421426558: 2.0984050233305984, 3.8130168977076084, 4.280206166361512, 3.186444435599962, 2.2882406983827135
4651000: 2.277717667416737, 2.104703776427575, 1.9102482649257304, 2.0041873535509658, 2.0065070009746275: 2.00641159897: 3.8130168977076084, 4.280206166361512, 3.186444435599962, 2.2882406983827135, 2.277717667416737
4681000: 2.104703776427575, 1.9102482649257304, 2.0041873535509658, 2.0065070009746275, 1.302958049251541: 1.80597516718: 4.280206166361512, 3.186444435599962, 2.2882406983827135, 2.277717667416737, 2.104703776427575
4711000: 1.9102482649257304, 2.0041873535509658, 2.0065070009746275, 1.302958049251541, 0.5943950903925992: 1.47701187354: 3.186444435599962, 2.2882406983827135, 2.277717667416737, 2.104703776427575, 1.9102482649257304
4741000: 2.0041873535509658, 2.0065070009746275, 1.302958049251541, 0.5943950903925992, 0.6629155633810592: 1.141693926: 2.2882406983827135, 2.277717667416737, 2.104703776427575, 1.9102482649257304, 2.0041873535509658
4771000: 2.0065070009746275, 1.302958049251541, 0.5943950903925992, 0.6629155633810592, 1.081768380402324: 0.910509270857: 2.277717667416737, 2.104703776427575, 1.9102482649257304, 2.0041873535509658, 2.0065070009746275
4801000: 1.302958049251541, 0.5943950903925992, 0.6629155633810592, 1.081768380402324, 1.6685469800795754: 1.00190650356: 2.104703776427575, 1.9102482649257304, 2.0041873535509658, 2.0065070009746275, 1.302958049251541
4831000: 0.5943950903925992, 0.6629155633810592, 1.081768380402324, 1.6685469800795754, 1.9311602309965643: 1.33609778871: 1.9102482649257304, 2.0041873535509658, 2.0065070009746275, 1.302958049251541, 0.5943950903925992
4861000: 0.6629155633810592, 1.081768380402324, 1.6685469800795754, 1.9311602309965643, 2.13483626464964: 1.70407796403: 2.0041873535509658, 2.0065070009746275, 1.302958049251541, 0.5943950903925992, 0.6629155633810592
4891000: 1.081768380402324, 1.6685469800795754, 1.9311602309965643, 2.13483626464964, 2.6083795016021916: 2.08573074433: 2.0065070009746275, 1.302958049251541, 0.5943950903925992, 0.6629155633810592, 1.081768380402324
4921000: 1.6685469800795754, 1.9311602309965643, 2.13483626464964, 2.6083795016021916, 2.210612707282068: 2.22124717613: 1.302958049251541, 0.5943950903925992, 0.6629155633810592, 1.081768380402324, 1.6685469800795754
4951000: 1.9311602309965643, 2.13483626464964, 2.6083795016021916, 2.210612707282068, 0.8690829478267939: 1.95572785534: 0.5943950903925992, 0.6629155633810592, 1.081768380402324, 1.6685469800795754, 1.9311602309965643
4981000: 2.13483626464964, 2.6083795016021916, 2.210612707282068, 0.8690829478267939, 0.34951590648266456: 1.5093977658: 0.6629155633810592, 1.081768380402324, 1.6685469800795754, 1.9311602309965643, 2.13483626464964
5011000: 2.6083795016021916, 2.210612707282068, 0.8690829478267939, 0.34951590648266456, 0.4339135339827643: 0.965781273894: 1.081768380402324, 1.6685469800795754, 1.9311602309965643, 2.13483626464964, 2.6083795016021916
5041000: 2.210612707282068, 0.8690829478267939, 0.34951590648266456, 0.4339135339827643, 0.5906808695530993: 0.560798314461: 1.6685469800795754, 1.9311602309965643, 2.13483626464964, 2.6083795016021916, 2.210612707282068
5071000: 0.8690829478267939, 0.34951590648266456, 0.4339135339827643, 0.5906808695530993, 1.2380141757150924: 0.653031121433: 1.9311602309965643, 2.13483626464964, 2.6083795016021916, 2.210612707282068, 0.8690829478267939
5101000: 0.34951590648266456, 0.4339135339827643, 0.5906808695530993, 1.2380141757150924, 1.6817288780793775: 0.986084364333: 2.13483626464964, 2.6083795016021916, 2.210612707282068, 0.8690829478267939, 0.34951590648266456
5131000: 0.4339135339827643, 0.5906808695530993, 1.2380141757150924, 1.6817288780793775, 1.4598144686990648: 1.24255959801: 2.6083795016021916, 2.210612707282068, 0.8690829478267939, 0.34951590648266456, 0.4339135339827643
5161000: 0.5906808695530993, 1.2380141757150924, 1.6817288780793775, 1.4598144686990648, 1.991573194640281: 1.59278267928: 2.210612707282068, 0.8690829478267939, 0.34951590648266456, 0.4339135339827643, 0.5906808695530993
5191000: 1.2380141757150924, 1.6817288780793775, 1.4598144686990648, 1.991573194640281, 3.5430421212775083: 2.16903966567: 0.8690829478267939, 0.34951590648266456, 0.4339135339827643, 0.5906808695530993, 1.2380141757150924
5221000: 1.6817288780793775, 1.4598144686990648, 1.991573194640281, 3.5430421212775083, 3.9246854753053606: 2.72977881498: 0.34951590648266456, 0.4339135339827643, 0.5906808695530993, 1.2380141757150924, 1.6817288780793775
5251000: 1.4598144686990648, 1.991573194640281, 3.5430421212775083, 3.9246854753053606, 2.3623349332404104: 2.95540893112: 0.4339135339827643, 0.5906808695530993, 1.2380141757150924, 1.6817288780793775, 1.4598144686990648
5281000: 1.991573194640281, 3.5430421212775083, 3.9246854753053606, 2.3623349332404104, 1.2264231710285025: 2.76412142521: 0.5906808695530993, 1.2380141757150924, 1.6817288780793775, 1.4598144686990648, 1.991573194640281
5311000: 3.5430421212775083, 3.9246854753053606, 2.3623349332404104, 1.2264231710285025, 1.3426688892641478: 2.21402811721: 1.2380141757150924, 1.6817288780793775, 1.4598144686990648, 1.991573194640281, 3.5430421212775083
5341000: 3.9246854753053606, 2.3623349332404104, 1.2264231710285025, 1.3426688892641478, 1.040032147823315: 1.49286478534: 1.6817288780793775, 1.4598144686990648, 1.991573194640281, 3.5430421212775083, 3.9246854753053606
5371000: 2.3623349332404104, 1.2264231710285025, 1.3426688892641478, 1.040032147823315, 0.3954884531590412: 1.00115316532: 1.4598144686990648, 1.991573194640281, 3.5430421212775083, 3.9246854753053606, 2.3623349332404104
5401000: 1.2264231710285025, 1.3426688892641478, 1.040032147823315, 0.3954884531590412, 0.17679442785538116: 0.738745979525: 1.991573194640281, 3.5430421212775083, 3.9246854753053606, 2.3623349332404104, 1.2264231710285025
5431000: 1.3426688892641478, 1.040032147823315, 0.3954884531590412, 0.17679442785538116, 0.2789367071873503: 0.472812934006: 3.5430421212775083, 3.9246854753053606, 2.3623349332404104, 1.2264231710285025, 1.3426688892641478
5461000: 1.040032147823315, 0.3954884531590412, 0.17679442785538116, 0.2789367071873503, 1.9882469201403807: 0.709866627086: 3.9246854753053606, 2.3623349332404104, 1.2264231710285025, 1.3426688892641478, 1.040032147823315
5491000: 0.3954884531590412, 0.17679442785538116, 0.2789367071873503, 1.9882469201403807, 3.636835970355262: 1.52020350638: 2.3623349332404104, 1.2264231710285025, 1.3426688892641478, 1.040032147823315, 0.3954884531590412
5521000: 0.17679442785538116, 0.2789367071873503, 1.9882469201403807, 3.636835970355262, 3.2805040271304984: 2.2961309062: 1.2264231710285025, 1.3426688892641478, 1.040032147823315, 0.3954884531590412, 0.17679442785538116
5551000: 0.2789367071873503, 1.9882469201403807, 3.636835970355262, 3.2805040271304984, 2.930046821173129: 2.9589084347: 1.3426688892641478, 1.040032147823315, 0.3954884531590412, 0.17679442785538116, 0.2789367071873503
5581000: 1.9882469201403807, 3.636835970355262, 3.2805040271304984, 2.930046821173129, 3.7802209361634964: 3.40690193871: 1.040032147823315, 0.3954884531590412, 0.17679442785538116, 0.2789367071873503, 1.9882469201403807
5611000: 3.636835970355262, 3.2805040271304984, 2.930046821173129, 3.7802209361634964, 5.552747431859854: 3.88587980408: 0.3954884531590412, 0.17679442785538116, 0.2789367071873503, 1.9882469201403807, 3.636835970355262
5641000: 3.2805040271304984, 2.930046821173129, 3.7802209361634964, 5.552747431859854, 5.2480983494328335: 4.37777838466: 0.17679442785538116, 0.2789367071873503, 1.9882469201403807, 3.636835970355262, 3.2805040271304984
5671000: 2.930046821173129, 3.7802209361634964, 5.552747431859854, 5.2480983494328335, 3.2613124237983158: 4.46059478531: 0.2789367071873503, 1.9882469201403807, 3.636835970355262, 3.2805040271304984, 2.930046821173129
5701000: 3.7802209361634964, 5.552747431859854, 5.2480983494328335, 3.2613124237983158, 2.069198662408721: 4.03283921687: 1.9882469201403807, 3.636835970355262, 3.2805040271304984, 2.930046821173129, 3.7802209361634964
5731000: 5.552747431859854, 5.2480983494328335, 3.2613124237983158, 2.069198662408721, 1.3176866847808069: 2.97407403011: 3.636835970355262, 3.2805040271304984, 2.930046821173129, 3.7802209361634964, 5.552747431859854
5761000: 5.2480983494328335, 3.2613124237983158, 2.069198662408721, 1.3176866847808069, 0.9489888533435266: 1.89929665608: 3.2805040271304984, 2.930046821173129, 3.7802209361634964, 5.552747431859854, 5.2480983494328335
5791000: 3.2613124237983158, 2.069198662408721, 1.3176866847808069, 0.9489888533435266, 1.4394119400907173: 1.44382153516: 2.930046821173129, 3.7802209361634964, 5.552747431859854, 5.2480983494328335, 3.2613124237983158
5821000: 2.069198662408721, 1.3176866847808069, 0.9489888533435266, 1.4394119400907173, 2.31062137435125: 1.50417721314: 3.7802209361634964, 5.552747431859854, 5.2480983494328335, 3.2613124237983158, 2.069198662408721
5851000: 1.3176866847808069, 0.9489888533435266, 1.4394119400907173, 2.31062137435125, 1.9626390747417977: 1.66541531063: 5.552747431859854, 5.2480983494328335, 3.2613124237983158, 2.069198662408721, 1.3176866847808069
5881000: 0.9489888533435266, 1.4394119400907173, 2.31062137435125, 1.9626390747417977, 0.9504250809623477: 1.66577436754: 5.2480983494328335, 3.2613124237983158, 2.069198662408721, 1.3176866847808069, 0.9489888533435266
5911000: 1.4394119400907173, 2.31062137435125, 1.9626390747417977, 0.9504250809623477, 0.8284186923806037: 1.51302605561: 3.2613124237983158, 2.069198662408721, 1.3176866847808069, 0.9489888533435266, 1.4394119400907173
5941000: 2.31062137435125, 1.9626390747417977, 0.9504250809623477, 0.8284186923806037, 0.9612404951644894: 1.17568083581: 2.069198662408721, 1.3176866847808069, 0.9489888533435266, 1.4394119400907173, 2.31062137435125
5971000: 1.9626390747417977, 0.9504250809623477, 0.8284186923806037, 0.9612404951644894, 1.419905765370008: 1.03999750847: 1.3176866847808069, 0.9489888533435266, 1.4394119400907173, 2.31062137435125, 1.9626390747417977
6001000: 0.9504250809623477, 0.8284186923806037, 0.9612404951644894, 1.419905765370008, 1.5533480467655676: 1.19072824992: 0.9489888533435266, 1.4394119400907173, 2.31062137435125, 1.9626390747417977, 0.9504250809623477
6031000: 0.8284186923806037, 0.9612404951644894, 1.419905765370008, 1.5533480467655676, 0.9680153553832783: 1.22562741567: 1.4394119400907173, 2.31062137435125, 1.9626390747417977, 0.9504250809623477, 0.8284186923806037
6061000: 0.9612404951644894, 1.419905765370008, 1.5533480467655676, 0.9680153553832783, 0.8494435248799174: 1.1976781731: 2.31062137435125, 1.9626390747417977, 0.9504250809623477, 0.8284186923806037, 0.9612404951644894
6091000: 1.419905765370008, 1.5533480467655676, 0.9680153553832783, 0.8494435248799174, 1.405734553838652: 1.19413537022: 1.9626390747417977, 0.9504250809623477, 0.8284186923806037, 0.9612404951644894, 1.419905765370008
6121000: 1.5533480467655676, 0.9680153553832783, 0.8494435248799174, 1.405734553838652, 1.8061566424984365: 1.25733751915: 0.9504250809623477, 0.8284186923806037, 0.9612404951644894, 1.419905765370008, 1.5533480467655676
6151000: 0.9680153553832783, 0.8494435248799174, 1.405734553838652, 1.8061566424984365, 1.3071926206092757: 1.34213183546: 0.8284186923806037, 0.9612404951644894, 1.419905765370008, 1.5533480467655676, 0.9680153553832783
6181000: 0.8494435248799174, 1.405734553838652, 1.8061566424984365, 1.3071926206092757, 0.8445598084497158: 1.34091090635: 0.9612404951644894, 1.419905765370008, 1.5533480467655676, 0.9680153553832783, 0.8494435248799174
6211000: 1.405734553838652, 1.8061566424984365, 1.3071926206092757, 0.8445598084497158, 1.337030155070329: 1.32373480666: 1.419905765370008, 1.5533480467655676, 0.9680153553832783, 0.8494435248799174, 1.405734553838652
6241000: 1.8061566424984365, 1.3071926206092757, 0.8445598084497158, 1.337030155070329, 2.6207841353403745: 1.52739167987: 1.5533480467655676, 0.9680153553832783, 0.8494435248799174, 1.405734553838652, 1.8061566424984365
6271000: 1.3071926206092757, 0.8445598084497158, 1.337030155070329, 2.6207841353403745, 2.84683437011864: 1.91230211724: 0.9680153553832783, 0.8494435248799174, 1.405734553838652, 1.8061566424984365, 1.3071926206092757
6301000: 0.8445598084497158, 1.337030155070329, 2.6207841353403745, 2.84683437011864, 1.7763676351768392: 2.14525407393: 0.8494435248799174, 1.405734553838652, 1.8061566424984365, 1.3071926206092757, 0.8445598084497158
6331000: 1.337030155070329, 2.6207841353403745, 2.84683437011864, 1.7763676351768392, 1.275598719412803: 2.12989621501: 1.405734553838652, 1.8061566424984365, 1.3071926206092757, 0.8445598084497158, 1.337030155070329
6361000: 2.6207841353403745, 2.84683437011864, 1.7763676351768392, 1.275598719412803, 2.1337218902968402: 2.00813065375: 1.8061566424984365, 1.3071926206092757, 0.8445598084497158, 1.337030155070329, 2.6207841353403745
6391000: 2.84683437011864, 1.7763676351768392, 1.275598719412803, 2.1337218902968402, 2.5557772831230774: 1.935366382: 1.3071926206092757, 0.8445598084497158, 1.337030155070329, 2.6207841353403745, 2.84683437011864
6421000: 1.7763676351768392, 1.275598719412803, 2.1337218902968402, 2.5557772831230774, 2.0120912100266914: 1.99429727571: 0.8445598084497158, 1.337030155070329, 2.6207841353403745, 2.84683437011864, 1.7763676351768392
6451000: 1.275598719412803, 2.1337218902968402, 2.5557772831230774, 2.0120912100266914, 1.5161940306141033: 2.05444610352: 1.337030155070329, 2.6207841353403745, 2.84683437011864, 1.7763676351768392, 1.275598719412803
6481000: 2.1337218902968402, 2.5557772831230774, 2.0120912100266914, 1.5161940306141033, 1.506123572984749: 1.89754652419: 2.6207841353403745, 2.84683437011864, 1.7763676351768392, 1.275598719412803, 2.1337218902968402
6511000: 2.5557772831230774, 2.0120912100266914, 1.5161940306141033, 1.506123572984749, 1.4943239215686277: 1.6321831838: 2.84683437011864, 1.7763676351768392, 1.275598719412803, 2.1337218902968402, 2.5557772831230774
6541000: 2.0120912100266914, 1.5161940306141033, 1.506123572984749, 1.4943239215686277, 1.6509663180827887: 1.54190196081: 1.7763676351768392, 1.275598719412803, 2.1337218902968402, 2.5557772831230774, 2.0120912100266914
6571000: 1.5161940306141033, 1.506123572984749, 1.4943239215686277, 1.6509663180827887, 1.7970575599128535: 1.61211784314: 1.275598719412803, 2.1337218902968402, 2.5557772831230774, 2.0120912100266914, 1.5161940306141033
6601000: 1.506123572984749, 1.4943239215686277, 1.6509663180827887, 1.7970575599128535, 1.6116444553376905: 1.63849806373: 2.1337218902968402, 2.5557772831230774, 2.0120912100266914, 1.5161940306141033, 1.506123572984749
6631000: 1.4943239215686277, 1.6509663180827887, 1.7970575599128535, 1.6116444553376905, 1.2202193681917208: 1.56997192538: 2.5557772831230774, 2.0120912100266914, 1.5161940306141033, 1.506123572984749, 1.4943239215686277
6661000: 1.6509663180827887, 1.7970575599128535, 1.6116444553376905, 1.2202193681917208, 1.1489253145335987: 1.44446167449: 2.0120912100266914, 1.5161940306141033, 1.506123572984749, 1.4943239215686277, 1.6509663180827887
6691000: 1.7970575599128535, 1.6116444553376905, 1.2202193681917208, 1.1489253145335987, 2.343632243484973: 1.58110534539: 1.5161940306141033, 1.506123572984749, 1.4943239215686277, 1.6509663180827887, 1.7970575599128535
6721000: 1.6116444553376905, 1.2202193681917208, 1.1489253145335987, 2.343632243484973, 2.434947433776944: 1.78693109: 1.506123572984749, 1.4943239215686277, 1.6509663180827887, 1.7970575599128535, 1.6116444553376905
6751000: 1.2202193681917208, 1.1489253145335987, 2.343632243484973, 2.434947433776944, 1.2159508182591914: 1.78586395251: 1.4943239215686277, 1.6509663180827887, 1.7970575599128535, 1.6116444553376905, 1.2202193681917208
6781000: 1.1489253145335987, 2.343632243484973, 2.434947433776944, 1.2159508182591914, 0.8031458445076683: 1.69941908501: 1.6509663180827887, 1.7970575599128535, 1.6116444553376905, 1.2202193681917208, 1.1489253145335987
6811000: 2.343632243484973, 2.434947433776944, 1.2159508182591914, 0.8031458445076683, 1.3988799210522604: 1.4632310044: 1.7970575599128535, 1.6116444553376905, 1.2202193681917208, 1.1489253145335987, 2.343632243484973
6841000: 2.434947433776944, 1.2159508182591914, 0.8031458445076683, 1.3988799210522604, 1.8509585392284893: 1.31723378076: 1.6116444553376905, 1.2202193681917208, 1.1489253145335987, 2.343632243484973, 2.434947433776944
6871000: 1.2159508182591914, 0.8031458445076683, 1.3988799210522604, 1.8509585392284893, 1.9781381284235158: 1.5077806083: 1.2202193681917208, 1.1489253145335987, 2.343632243484973, 2.434947433776944, 1.2159508182591914
6901000: 0.8031458445076683, 1.3988799210522604, 1.8509585392284893, 1.9781381284235158, 3.3818135073692828: 2.15244752402: 1.1489253145335987, 2.343632243484973, 2.434947433776944, 1.2159508182591914, 0.8031458445076683
6931000: 1.3988799210522604, 1.8509585392284893, 1.9781381284235158, 3.3818135073692828, 3.6544164741488943: 2.71633166229: 2.343632243484973, 2.434947433776944, 1.2159508182591914, 0.8031458445076683, 1.3988799210522604
6961000: 1.8509585392284893, 1.9781381284235158, 3.3818135073692828, 3.6544164741488943, 2.159995473091347: 2.79359089576: 2.434947433776944, 1.2159508182591914, 0.8031458445076683, 1.3988799210522604, 1.8509585392284893
6991000: 1.9781381284235158, 3.3818135073692828, 3.6544164741488943, 2.159995473091347, 1.9888493005589751: 2.79626868879: 1.2159508182591914, 0.8031458445076683, 1.3988799210522604, 1.8509585392284893, 1.9781381284235158
7021000: 3.3818135073692828, 3.6544164741488943, 2.159995473091347, 1.9888493005589751, 2.189720983381585: 2.4982455578: 0.8031458445076683, 1.3988799210522604, 1.8509585392284893, 1.9781381284235158, 3.3818135073692828
7051000: 3.6544164741488943, 2.159995473091347, 1.9888493005589751, 2.189720983381585, 1.9508195823733645: 2.07234633485: 1.3988799210522604, 1.8509585392284893, 1.9781381284235158, 3.3818135073692828, 3.6544164741488943
7081000: 2.159995473091347, 1.9888493005589751, 2.189720983381585, 1.9508195823733645, 2.001110910815037: 2.03262519428: 1.8509585392284893, 1.9781381284235158, 3.3818135073692828, 3.6544164741488943, 2.159995473091347
7111000: 1.9888493005589751, 2.189720983381585, 1.9508195823733645, 2.001110910815037, 2.6925424972795766: 2.20854849346: 1.9781381284235158, 3.3818135073692828, 3.6544164741488943, 2.159995473091347, 1.9888493005589751
7141000: 2.189720983381585, 1.9508195823733645, 2.001110910815037, 2.6925424972795766, 2.4518255338050627: 2.27407463107: 3.3818135073692828, 3.6544164741488943, 2.159995473091347, 1.9888493005589751, 2.189720983381585
7171000: 1.9508195823733645, 2.001110910815037, 2.6925424972795766, 2.4518255338050627, 1.127772800251074: 2.06831293554: 3.6544164741488943, 2.159995473091347, 1.9888493005589751, 2.189720983381585, 1.9508195823733645
7201000: 2.001110910815037, 2.6925424972795766, 2.4518255338050627, 1.127772800251074, 1.3266853021970035: 1.89970653338: 2.159995473091347, 1.9888493005589751, 2.189720983381585, 1.9508195823733645, 2.001110910815037
7231000: 2.6925424972795766, 2.4518255338050627, 1.127772800251074, 1.3266853021970035, 2.7319805189604933: 1.9095660388: 1.9888493005589751, 2.189720983381585, 1.9508195823733645, 2.001110910815037, 2.6925424972795766
7261000: 2.4518255338050627, 1.127772800251074, 1.3266853021970035, 2.7319805189604933, 2.6179724800578312: 1.95110277537: 2.189720983381585, 1.9508195823733645, 2.001110910815037, 2.6925424972795766, 2.4518255338050627
7291000: 1.127772800251074, 1.3266853021970035, 2.7319805189604933, 2.6179724800578312, 1.637836206660352: 2.07861862697: 1.9508195823733645, 2.001110910815037, 2.6925424972795766, 2.4518255338050627, 1.127772800251074
7321000: 1.3266853021970035, 2.7319805189604933, 2.6179724800578312, 1.637836206660352, 2.2688498233160614: 2.31415975725: 2.001110910815037, 2.6925424972795766, 2.4518255338050627, 1.127772800251074, 1.3266853021970035
7351000: 2.7319805189604933, 2.6179724800578312, 1.637836206660352, 2.2688498233160614, 3.3758258205629526: 2.47512108265: 2.6925424972795766, 2.4518255338050627, 1.127772800251074, 1.3266853021970035, 2.7319805189604933
7381000: 2.6179724800578312, 1.637836206660352, 2.2688498233160614, 3.3758258205629526, 2.4576630823219237: 2.43504373322: 2.4518255338050627, 1.127772800251074, 1.3266853021970035, 2.7319805189604933, 2.6179724800578312
7411000: 1.637836206660352, 2.2688498233160614, 3.3758258205629526, 2.4576630823219237, 1.1683280409414878: 2.31766669179: 1.127772800251074, 1.3266853021970035, 2.7319805189604933, 2.6179724800578312, 1.637836206660352
7441000: 2.2688498233160614, 3.3758258205629526, 2.4576630823219237, 1.1683280409414878, 1.6331068295934228: 2.15873094335: 1.3266853021970035, 2.7319805189604933, 2.6179724800578312, 1.637836206660352, 2.2688498233160614
7471000: 3.3758258205629526, 2.4576630823219237, 1.1683280409414878, 1.6331068295934228, 1.6412376852808137: 1.72508390953: 2.7319805189604933, 2.6179724800578312, 1.637836206660352, 2.2688498233160614, 3.3758258205629526
7501000: 2.4576630823219237, 1.1683280409414878, 1.6331068295934228, 1.6412376852808137, 1.4117729897195157: 1.46361138638: 2.6179724800578312, 1.637836206660352, 2.2688498233160614, 3.3758258205629526, 2.4576630823219237
7531000: 1.1683280409414878, 1.6331068295934228, 1.6412376852808137, 1.4117729897195157, 1.8631746261709317: 1.63732303269: 1.637836206660352, 2.2688498233160614, 3.3758258205629526, 2.4576630823219237, 1.1683280409414878
7561000: 1.6331068295934228, 1.6412376852808137, 1.4117729897195157, 1.8631746261709317, 1.6854289800163886: 1.6504035703: 2.2688498233160614, 3.3758258205629526, 2.4576630823219237, 1.1683280409414878, 1.6331068295934228
7591000: 1.6412376852808137, 1.4117729897195157, 1.8631746261709317, 1.6854289800163886, 1.8303700157999094: 1.69768665293: 3.3758258205629526, 2.4576630823219237, 1.1683280409414878, 1.6331068295934228, 1.6412376852808137
7621000: 1.4117729897195157, 1.8631746261709317, 1.6854289800163886, 1.8303700157999094, 1.8767601927693751: 1.81393345369: 2.4576630823219237, 1.1683280409414878, 1.6331068295934228, 1.6412376852808137, 1.4117729897195157
7651000: 1.8631746261709317, 1.6854289800163886, 1.8303700157999094, 1.8767601927693751, 1.167268036303161: 1.63995680622: 1.1683280409414878, 1.6331068295934228, 1.6412376852808137, 1.4117729897195157, 1.8631746261709317
7681000: 1.6854289800163886, 1.8303700157999094, 1.8767601927693751, 1.167268036303161, 1.3233572865251482: 1.54943888285: 1.6331068295934228, 1.6412376852808137, 1.4117729897195157, 1.8631746261709317, 1.6854289800163886
7711000: 1.8303700157999094, 1.8767601927693751, 1.167268036303161, 1.3233572865251482, 1.9286866750183624: 1.57401804765: 1.6412376852808137, 1.4117729897195157, 1.8631746261709317, 1.6854289800163886, 1.8303700157999094
7741000: 1.8767601927693751, 1.167268036303161, 1.3233572865251482, 1.9286866750183624, 2.6601195977255525: 1.76985789889: 1.4117729897195157, 1.8631746261709317, 1.6854289800163886, 1.8303700157999094, 1.8767601927693751
7771000: 1.167268036303161, 1.3233572865251482, 1.9286866750183624, 2.6601195977255525, 2.7978705303341185: 2.1775085224: 1.8631746261709317, 1.6854289800163886, 1.8303700157999094, 1.8767601927693751, 1.167268036303161
7801000: 1.3233572865251482, 1.9286866750183624, 2.6601195977255525, 2.7978705303341185, 3.704708164792742: 2.77284624197: 1.6854289800163886, 1.8303700157999094, 1.8767601927693751, 1.167268036303161, 1.3233572865251482
7831000: 1.9286866750183624, 2.6601195977255525, 2.7978705303341185, 3.704708164792742, 4.441538339815125: 3.40105915817: 1.8303700157999094, 1.8767601927693751, 1.167268036303161, 1.3233572865251482, 1.9286866750183624
7861000: 2.6601195977255525, 2.7978705303341185, 3.704708164792742, 4.441538339815125, 2.9939408621135306: 3.48451447426: 1.8767601927693751, 1.167268036303161, 1.3233572865251482, 1.9286866750183624, 2.6601195977255525
7891000: 2.7978705303341185, 3.704708164792742, 4.441538339815125, 2.9939408621135306, 2.0657187353269837: 3.30147652551: 1.167268036303161, 1.3233572865251482, 1.9286866750183624, 2.6601195977255525, 2.7978705303341185
7921000: 3.704708164792742, 4.441538339815125, 2.9939408621135306, 2.0657187353269837, 1.7286084552823175: 2.80745159813: 1.3233572865251482, 1.9286866750183624, 2.6601195977255525, 2.7978705303341185, 3.704708164792742
7951000: 4.441538339815125, 2.9939408621135306, 2.0657187353269837, 1.7286084552823175, 1.4075872916625178: 2.0489638361: 1.9286866750183624, 2.6601195977255525, 2.7978705303341185, 3.704708164792742, 4.441538339815125
7981000: 2.9939408621135306, 2.0657187353269837, 1.7286084552823175, 1.4075872916625178, 1.5915998124490511: 1.69837857368: 2.6601195977255525, 2.7978705303341185, 3.704708164792742, 4.441538339815125, 2.9939408621135306
8011000: 2.0657187353269837, 1.7286084552823175, 1.4075872916625178, 1.5915998124490511, 1.6422905107041108: 1.59252151752: 2.7978705303341185, 3.704708164792742, 4.441538339815125, 2.9939408621135306, 2.0657187353269837
8041000: 1.7286084552823175, 1.4075872916625178, 1.5915998124490511, 1.6422905107041108, 1.4477952544227441: 1.52231821731: 3.704708164792742, 4.441538339815125, 2.9939408621135306, 2.0657187353269837, 1.7286084552823175
8071000: 1.4075872916625178, 1.5915998124490511, 1.6422905107041108, 1.4477952544227441, 1.8585709197607916: 1.63506412433: 4.441538339815125, 2.9939408621135306, 2.0657187353269837, 1.7286084552823175, 1.4075872916625178
8101000: 1.5915998124490511, 1.6422905107041108, 1.4477952544227441, 1.8585709197607916, 2.9804634836920263: 1.98228004214: 2.9939408621135306, 2.0657187353269837, 1.7286084552823175, 1.4075872916625178, 1.5915998124490511
8131000: 1.6422905107041108, 1.4477952544227441, 1.8585709197607916, 2.9804634836920263, 3.746394046777156: 2.50830592616: 2.0657187353269837, 1.7286084552823175, 1.4075872916625178, 1.5915998124490511, 1.6422905107041108
8161000: 1.4477952544227441, 1.8585709197607916, 2.9804634836920263, 3.746394046777156, 4.019039075065316: 3.15111688132: 1.7286084552823175, 1.4075872916625178, 1.5915998124490511, 1.6422905107041108, 1.4477952544227441
8191000: 1.8585709197607916, 2.9804634836920263, 3.746394046777156, 4.019039075065316, 3.5827916146422236: 3.58217205504: 1.4075872916625178, 1.5915998124490511, 1.6422905107041108, 1.4477952544227441, 1.8585709197607916
8221000: 2.9804634836920263, 3.746394046777156, 4.019039075065316, 3.5827916146422236, 2.0626002405673565: 3.35270624426: 1.5915998124490511, 1.6422905107041108, 1.4477952544227441, 1.8585709197607916, 2.9804634836920263
8251000: 3.746394046777156, 4.019039075065316, 3.5827916146422236, 2.0626002405673565, 1.3521386777028375: 2.75414240199: 1.6422905107041108, 1.4477952544227441, 1.8585709197607916, 2.9804634836920263, 3.746394046777156
8281000: 4.019039075065316, 3.5827916146422236, 2.0626002405673565, 1.3521386777028375, 1.6576303240740746: 2.16379021425: 1.4477952544227441, 1.8585709197607916, 2.9804634836920263, 3.746394046777156, 4.019039075065316
8311000: 3.5827916146422236, 2.0626002405673565, 1.3521386777028375, 1.6576303240740746, 1.5601538235294128: 1.65813076647: 1.8585709197607916, 2.9804634836920263, 3.746394046777156, 4.019039075065316, 3.5827916146422236
8341000: 2.0626002405673565, 1.3521386777028375, 1.6576303240740746, 1.5601538235294128, 1.6533724618736387: 1.55582382179: 2.9804634836920263, 3.746394046777156, 4.019039075065316, 3.5827916146422236, 2.0626002405673565
8371000: 1.3521386777028375, 1.6576303240740746, 1.5601538235294128, 1.6533724618736387, 1.9474533694172116: 1.70465249472: 3.746394046777156, 4.019039075065316, 3.5827916146422236, 2.0626002405673565, 1.3521386777028375
8401000: 1.6576303240740746, 1.5601538235294128, 1.6533724618736387, 1.9474533694172116, 2.2898939447167748: 1.86271839988: 4.019039075065316, 3.5827916146422236, 2.0626002405673565, 1.3521386777028375, 1.6576303240740746
8431000: 1.5601538235294128, 1.6533724618736387, 1.9474533694172116, 2.2898939447167748, 2.009140938053173: 1.97496517852: 3.5827916146422236, 2.0626002405673565, 1.3521386777028375, 1.6576303240740746, 1.5601538235294128
8461000: 1.6533724618736387, 1.9474533694172116, 2.2898939447167748, 2.009140938053173, 1.9873312053430232: 2.05845486438: 2.0626002405673565, 1.3521386777028375, 1.6576303240740746, 1.5601538235294128, 1.6533724618736387
8491000: 1.9474533694172116, 2.2898939447167748, 2.009140938053173, 1.9873312053430232, 2.910890076316288: 2.29931404111: 1.3521386777028375, 1.6576303240740746, 1.5601538235294128, 1.6533724618736387, 1.9474533694172116
8521000: 2.2898939447167748, 2.009140938053173, 1.9873312053430232, 2.910890076316288, 3.359112486275141: 2.5666186765: 1.6576303240740746, 1.5601538235294128, 1.6533724618736387, 1.9474533694172116, 2.2898939447167748
8551000: 2.009140938053173, 1.9873312053430232, 2.910890076316288, 3.359112486275141, 2.3240595474165384: 2.64534832884: 1.5601538235294128, 1.6533724618736387, 1.9474533694172116, 2.2898939447167748, 2.009140938053173
8581000: 1.9873312053430232, 2.910890076316288, 3.359112486275141, 2.3240595474165384, 1.3967755767453776: 2.49770942169: 1.6533724618736387, 1.9474533694172116, 2.2898939447167748, 2.009140938053173, 1.9873312053430232
8611000: 2.910890076316288, 3.359112486275141, 2.3240595474165384, 1.3967755767453776, 1.8173467029838115: 2.22432357836: 1.9474533694172116, 2.2898939447167748, 2.009140938053173, 1.9873312053430232, 2.910890076316288
8641000: 3.359112486275141, 2.3240595474165384, 1.3967755767453776, 1.8173467029838115, 1.7759523271499982: 1.82853353857: 2.2898939447167748, 2.009140938053173, 1.9873312053430232, 2.910890076316288, 3.359112486275141
8671000: 2.3240595474165384, 1.3967755767453776, 1.8173467029838115, 1.7759523271499982, 1.5340732198043365: 1.63103695667: 2.009140938053173, 1.9873312053430232, 2.910890076316288, 3.359112486275141, 2.3240595474165384
8701000: 1.3967755767453776, 1.8173467029838115, 1.7759523271499982, 1.5340732198043365, 1.4943765002300404: 1.65543718754: 1.9873312053430232, 2.910890076316288, 3.359112486275141, 2.3240595474165384, 1.3967755767453776
8731000: 1.8173467029838115, 1.7759523271499982, 1.5340732198043365, 1.4943765002300404, 1.0847935326212903: 1.47229889495: 2.910890076316288, 3.359112486275141, 2.3240595474165384, 1.3967755767453776, 1.8173467029838115
8761000: 1.7759523271499982, 1.5340732198043365, 1.4943765002300404, 1.0847935326212903, 0.8221024561310946: 1.2338364272: 3.359112486275141, 2.3240595474165384, 1.3967755767453776, 1.8173467029838115, 1.7759523271499982
8791000: 1.5340732198043365, 1.4943765002300404, 1.0847935326212903, 0.8221024561310946, 1.928920759160918: 1.33254831204: 2.3240595474165384, 1.3967755767453776, 1.8173467029838115, 1.7759523271499982, 1.5340732198043365
8821000: 1.4943765002300404, 1.0847935326212903, 0.8221024561310946, 1.928920759160918, 2.356269045187818: 1.54802144828: 1.3967755767453776, 1.8173467029838115, 1.7759523271499982, 1.5340732198043365, 1.4943765002300404
8851000: 1.0847935326212903, 0.8221024561310946, 1.928920759160918, 2.356269045187818, 1.2696492208261922: 1.59423537033: 1.8173467029838115, 1.7759523271499982, 1.5340732198043365, 1.4943765002300404, 1.0847935326212903
8881000: 0.8221024561310946, 1.928920759160918, 2.356269045187818, 1.2696492208261922, 0.8272359497585513: 1.59551874373: 1.7759523271499982, 1.5340732198043365, 1.4943765002300404, 1.0847935326212903, 0.8221024561310946
8911000: 1.928920759160918, 2.356269045187818, 1.2696492208261922, 0.8272359497585513, 0.849413912825468: 1.32564203215: 1.5340732198043365, 1.4943765002300404, 1.0847935326212903, 0.8221024561310946, 1.928920759160918
8941000: 2.356269045187818, 1.2696492208261922, 0.8272359497585513, 0.849413912825468, 0.5745604310460986: 0.880214878614: 1.4943765002300404, 1.0847935326212903, 0.8221024561310946, 1.928920759160918, 2.356269045187818
8971000: 1.2696492208261922, 0.8272359497585513, 0.849413912825468, 0.5745604310460986, 0.7531301637341432: 0.751085114341: 1.0847935326212903, 0.8221024561310946, 1.928920759160918, 2.356269045187818, 1.2696492208261922
9001000: 0.8272359497585513, 0.849413912825468, 0.5745604310460986, 0.7531301637341432, 1.4812769245754498: 0.914595358045: 0.8221024561310946, 1.928920759160918, 2.356269045187818, 1.2696492208261922, 0.8272359497585513
9031000: 0.849413912825468, 0.5745604310460986, 0.7531301637341432, 1.4812769245754498, 1.583950991431054: 1.0982296277: 1.928920759160918, 2.356269045187818, 1.2696492208261922, 0.8272359497585513, 0.849413912825468
9061000: 0.5745604310460986, 0.7531301637341432, 1.4812769245754498, 1.583950991431054, 1.3139860762997861: 1.28308603901: 2.356269045187818, 1.2696492208261922, 0.8272359497585513, 0.849413912825468, 0.5745604310460986
9091000: 0.7531301637341432, 1.4812769245754498, 1.583950991431054, 1.3139860762997861, 1.2066401541417202: 1.39646353661: 1.2696492208261922, 0.8272359497585513, 0.849413912825468, 0.5745604310460986, 0.7531301637341432
9121000: 1.4812769245754498, 1.583950991431054, 1.3139860762997861, 1.2066401541417202, 0.9529163646193969: 1.26437339662: 0.8272359497585513, 0.849413912825468, 0.5745604310460986, 0.7531301637341432, 1.4812769245754498
9151000: 1.583950991431054, 1.3139860762997861, 1.2066401541417202, 0.9529163646193969, 0.8004499673202613: 1.0684981406: 0.849413912825468, 0.5745604310460986, 0.7531301637341432, 1.4812769245754498, 1.583950991431054
9181000: 1.3139860762997861, 1.2066401541417202, 0.9529163646193969, 0.8004499673202613, 1.7011335348583876: 1.16528500523: 0.5745604310460986, 0.7531301637341432, 1.4812769245754498, 1.583950991431054, 1.3139860762997861
9211000: 1.2066401541417202, 0.9529163646193969, 0.8004499673202613, 1.7011335348583876, 1.9263028533496727: 1.34520068004: 0.7531301637341432, 1.4812769245754498, 1.583950991431054, 1.3139860762997861, 1.2066401541417202
9241000: 0.9529163646193969, 0.8004499673202613, 1.7011335348583876, 1.9263028533496727, 0.9844452192265797: 1.35308289369: 1.4812769245754498, 1.583950991431054, 1.3139860762997861, 1.2066401541417202, 0.9529163646193969
9271000: 0.8004499673202613, 1.7011335348583876, 1.9263028533496727, 0.9844452192265797, 1.3545666632625273: 1.49161206767: 1.583950991431054, 1.3139860762997861, 1.2066401541417202, 0.9529163646193969, 0.8004499673202613
9301000: 1.7011335348583876, 1.9263028533496727, 0.9844452192265797, 1.3545666632625273, 1.7154977750544658: 1.49520312772: 1.3139860762997861, 1.2066401541417202, 0.9529163646193969, 0.8004499673202613, 1.7011335348583876
9331000: 1.9263028533496727, 0.9844452192265797, 1.3545666632625273, 1.7154977750544658, 1.504222320261438: 1.38968299445: 1.2066401541417202, 0.9529163646193969, 0.8004499673202613, 1.7011335348583876, 1.9263028533496727
9361000: 0.9844452192265797, 1.3545666632625273, 1.7154977750544658, 1.504222320261438, 1.4383532298474944: 1.50315999711: 0.9529163646193969, 0.8004499673202613, 1.7011335348583876, 1.9263028533496727, 0.9844452192265797
9391000: 1.3545666632625273, 1.7154977750544658, 1.504222320261438, 1.4383532298474944, 1.5417684776688454: 1.54996045071: 0.8004499673202613, 1.7011335348583876, 1.9263028533496727, 0.9844452192265797, 1.3545666632625273
9421000: 1.7154977750544658, 1.504222320261438, 1.4383532298474944, 1.5417684776688454, 1.833755904139434: 1.57952498298: 1.7011335348583876, 1.9263028533496727, 0.9844452192265797, 1.3545666632625273, 1.7154977750544658
9451000: 1.504222320261438, 1.4383532298474944, 1.5417684776688454, 1.833755904139434, 1.2872796078431368: 1.52528930487: 1.9263028533496727, 0.9844452192265797, 1.3545666632625273, 1.7154977750544658, 1.504222320261438
9481000: 1.4383532298474944, 1.5417684776688454, 1.833755904139434, 1.2872796078431368, 1.1587766122004353: 1.45539515046: 0.9844452192265797, 1.3545666632625273, 1.7154977750544658, 1.504222320261438, 1.4383532298474944
9511000: 1.5417684776688454, 1.833755904139434, 1.2872796078431368, 1.1587766122004353, 2.116797450980392: 1.59915239379: 1.3545666632625273, 1.7154977750544658, 1.504222320261438, 1.4383532298474944, 1.5417684776688454
9541000: 1.833755904139434, 1.2872796078431368, 1.1587766122004353, 2.116797450980392, 1.96059068627451: 1.63086108932: 1.7154977750544658, 1.504222320261438, 1.4383532298474944, 1.5417684776688454, 1.833755904139434
9571000: 1.2872796078431368, 1.1587766122004353, 2.116797450980392, 1.96059068627451, 1.5869857080610028: 1.70578761438: 1.504222320261438, 1.4383532298474944, 1.5417684776688454, 1.833755904139434, 1.2872796078431368
9601000: 1.1587766122004353, 2.116797450980392, 1.96059068627451, 1.5869857080610028, 1.6742280501089324: 1.83465047386: 1.4383532298474944, 1.5417684776688454, 1.833755904139434, 1.2872796078431368, 1.1587766122004353
9631000: 2.116797450980392, 1.96059068627451, 1.5869857080610028, 1.6742280501089324, 1.5063600544662308: 1.68204112473: 1.5417684776688454, 1.833755904139434, 1.2872796078431368, 1.1587766122004353, 2.116797450980392
9661000: 1.96059068627451, 1.5869857080610028, 1.6742280501089324, 1.5063600544662308, 1.6423575599128548: 1.60248284314: 1.833755904139434, 1.2872796078431368, 1.1587766122004353, 2.116797450980392, 1.96059068627451
9691000: 1.5869857080610028, 1.6742280501089324, 1.5063600544662308, 1.6423575599128548, 1.4872093137254905: 1.57753874455: 1.2872796078431368, 1.1587766122004353, 2.116797450980392, 1.96059068627451, 1.5869857080610028
9721000: 1.6742280501089324, 1.5063600544662308, 1.6423575599128548, 1.4872093137254905, 1.4972024618736386: 1.53328234749: 1.1587766122004353, 2.116797450980392, 1.96059068627451, 1.5869857080610028, 1.6742280501089324
9751000: 1.5063600544662308, 1.6423575599128548, 1.4872093137254905, 1.4972024618736386, 1.2795790522875816: 1.47658709695: 2.116797450980392, 1.96059068627451, 1.5869857080610028, 1.6742280501089324, 1.5063600544662308
9781000: 1.6423575599128548, 1.4872093137254905, 1.4972024618736386, 1.2795790522875816, 1.0357358605664486: 1.32493167211: 1.96059068627451, 1.5869857080610028, 1.6742280501089324, 1.5063600544662308, 1.6423575599128548
9811000: 1.4872093137254905, 1.4972024618736386, 1.2795790522875816, 1.0357358605664486, 1.2702314596949893: 1.27068720861: 1.5869857080610028, 1.6742280501089324, 1.5063600544662308, 1.6423575599128548, 1.4872093137254905
9841000: 1.4972024618736386, 1.2795790522875816, 1.0357358605664486, 1.2702314596949893, 1.5377620479302838: 1.28082710512: 1.6742280501089324, 1.5063600544662308, 1.6423575599128548, 1.4872093137254905, 1.4972024618736386
9871000: 1.2795790522875816, 1.0357358605664486, 1.2702314596949893, 1.5377620479302838, 1.9847346840958608: 1.45711601307: 1.5063600544662308, 1.6423575599128548, 1.4872093137254905, 1.4972024618736386, 1.2795790522875816
9901000: 1.0357358605664486, 1.2702314596949893, 1.5377620479302838, 1.9847346840958608, 2.1834197385620917: 1.74403698257: 1.6423575599128548, 1.4872093137254905, 1.4972024618736386, 1.2795790522875816, 1.0357358605664486
9931000: 1.2702314596949893, 1.5377620479302838, 1.9847346840958608, 2.1834197385620917, 1.7320691503267978: 1.85949640523: 1.4872093137254905, 1.4972024618736386, 1.2795790522875816, 1.0357358605664486, 1.2702314596949893
9961000: 1.5377620479302838, 1.9847346840958608, 2.1834197385620917, 1.7320691503267978, 0.9989774726783421: 1.72480026142: 1.4972024618736386, 1.2795790522875816, 1.0357358605664486, 1.2702314596949893, 1.5377620479302838
9991000: 1.9847346840958608, 2.1834197385620917, 1.7320691503267978, 0.9989774726783421, 1.0604038931065465: 1.49371756367: 1.2795790522875816, 1.0357358605664486, 1.2702314596949893, 1.5377620479302838, 1.9847346840958608
10021000: 2.1834197385620917, 1.7320691503267978, 0.9989774726783421, 1.0604038931065465, 1.2116894196983201: 1.25078498395: 1.0357358605664486, 1.2702314596949893, 1.5377620479302838, 1.9847346840958608, 2.1834197385620917
10051000: 1.7320691503267978, 0.9989774726783421, 1.0604038931065465, 1.2116894196983201, 0.6324519208387437: 0.97588067658: 1.2702314596949893, 1.5377620479302838, 1.9847346840958608, 2.1834197385620917, 1.7320691503267978
10081000: 0.9989774726783421, 1.0604038931065465, 1.2116894196983201, 0.6324519208387437, 0.7951878499123273: 0.924933270889: 1.5377620479302838, 1.9847346840958608, 2.1834197385620917, 1.7320691503267978, 0.9989774726783421
10111000: 1.0604038931065465, 1.2116894196983201, 0.6324519208387437, 0.7951878499123273, 1.0682808589343806: 0.926902512346: 1.9847346840958608, 2.1834197385620917, 1.7320691503267978, 0.9989774726783421, 1.0604038931065465
10141000: 1.2116894196983201, 0.6324519208387437, 0.7951878499123273, 1.0682808589343806, 0.8083732075225893: 0.826073459302: 2.1834197385620917, 1.7320691503267978, 0.9989774726783421, 1.0604038931065465, 1.2116894196983201
10171000: 0.6324519208387437, 0.7951878499123273, 1.0682808589343806, 0.8083732075225893, 1.0342398980673155: 0.926520453609: 1.7320691503267978, 0.9989774726783421, 1.0604038931065465, 1.2116894196983201, 0.6324519208387437
10201000: 0.7951878499123273, 1.0682808589343806, 0.8083732075225893, 1.0342398980673155, 1.071073477532146: 0.995491860514: 0.9989774726783421, 1.0604038931065465, 1.2116894196983201, 0.6324519208387437, 0.7951878499123273
10231000: 1.0682808589343806, 0.8083732075225893, 1.0342398980673155, 1.071073477532146, 0.8200229150138368: 0.933427374534: 1.0604038931065465, 1.2116894196983201, 0.6324519208387437, 0.7951878499123273, 1.0682808589343806
10261000: 0.8083732075225893, 1.0342398980673155, 1.071073477532146, 0.8200229150138368, 0.7795922989369399: 0.926232147388: 1.2116894196983201, 0.6324519208387437, 0.7951878499123273, 1.0682808589343806, 0.8083732075225893
10291000: 1.0342398980673155, 1.071073477532146, 0.8200229150138368, 0.7795922989369399, 1.6696537648352765: 1.08508561408: 0.6324519208387437, 0.7951878499123273, 1.0682808589343806, 0.8083732075225893, 1.0342398980673155
10321000: 1.071073477532146, 0.8200229150138368, 0.7795922989369399, 1.6696537648352765, 1.7998341534338522: 1.26727578305: 0.7951878499123273, 1.0682808589343806, 0.8083732075225893, 1.0342398980673155, 1.071073477532146
10351000: 0.8200229150138368, 0.7795922989369399, 1.6696537648352765, 1.7998341534338522, 1.155427486971504: 1.35112692604: 1.0682808589343806, 0.8083732075225893, 1.0342398980673155, 1.071073477532146, 0.8200229150138368
10381000: 0.7795922989369399, 1.6696537648352765, 1.7998341534338522, 1.155427486971504, 1.3566186412347132: 1.49538351162: 0.8083732075225893, 1.0342398980673155, 1.071073477532146, 0.8200229150138368, 0.7795922989369399
10411000: 1.6696537648352765, 1.7998341534338522, 1.155427486971504, 1.3566186412347132, 1.1336977694929797: 1.36139451278: 1.0342398980673155, 1.071073477532146, 0.8200229150138368, 0.7795922989369399, 1.6696537648352765
10441000: 1.7998341534338522, 1.155427486971504, 1.3566186412347132, 1.1336977694929797, 0.9517179538523919: 1.14936546289: 1.071073477532146, 0.8200229150138368, 0.7795922989369399, 1.6696537648352765, 1.7998341534338522
10471000: 1.155427486971504, 1.3566186412347132, 1.1336977694929797, 0.9517179538523919, 1.1526113981971544: 1.14866144069: 0.8200229150138368, 0.7795922989369399, 1.6696537648352765, 1.7998341534338522, 1.155427486971504
10501000: 1.3566186412347132, 1.1336977694929797, 0.9517179538523919, 1.1526113981971544, 1.219074326555104: 1.11427536202: 0.7795922989369399, 1.6696537648352765, 1.7998341534338522, 1.155427486971504, 1.3566186412347132
10531000: 1.1336977694929797, 0.9517179538523919, 1.1526113981971544, 1.219074326555104, 1.2605908603434304: 1.14599863474: 1.6696537648352765, 1.7998341534338522, 1.155427486971504, 1.3566186412347132, 1.1336977694929797
10561000: 0.9517179538523919, 1.1526113981971544, 1.219074326555104, 1.2605908603434304, 0.8453116116405083: 1.11939704918: 1.7998341534338522, 1.155427486971504, 1.3566186412347132, 1.1336977694929797, 0.9517179538523919
10591000: 1.1526113981971544, 1.219074326555104, 1.2605908603434304, 0.8453116116405083, 0.4473869452975021: 0.943090935959: 1.155427486971504, 1.3566186412347132, 1.1336977694929797, 0.9517179538523919, 1.1526113981971544
10621000: 1.219074326555104, 1.2605908603434304, 0.8453116116405083, 0.4473869452975021, 0.35842172574734443: 0.727927785757: 1.3566186412347132, 1.1336977694929797, 0.9517179538523919, 1.1526113981971544, 1.219074326555104
10651000: 1.2605908603434304, 0.8453116116405083, 0.4473869452975021, 0.35842172574734443, 0.5812312800150974: 0.558087890675: 1.1336977694929797, 0.9517179538523919, 1.1526113981971544, 1.219074326555104, 1.2605908603434304
10681000: 0.8453116116405083, 0.4473869452975021, 0.35842172574734443, 0.5812312800150974, 1.0747923299297588: 0.615458070247: 0.9517179538523919, 1.1526113981971544, 1.219074326555104, 1.2605908603434304, 0.8453116116405083
10711000: 0.4473869452975021, 0.35842172574734443, 0.5812312800150974, 1.0747923299297588, 1.3560287088694252: 0.84261851114: 1.1526113981971544, 1.219074326555104, 1.2605908603434304, 0.8453116116405083, 0.4473869452975021
10741000: 0.35842172574734443, 0.5812312800150974, 1.0747923299297588, 1.3560287088694252, 1.1305650604661253: 1.03565434482: 1.219074326555104, 1.2605908603434304, 0.8453116116405083, 0.4473869452975021, 0.35842172574734443
10771000: 0.5812312800150974, 1.0747923299297588, 1.3560287088694252, 1.1305650604661253, 1.5136168375499632: 1.2687507342: 1.2605908603434304, 0.8453116116405083, 0.4473869452975021, 0.35842172574734443, 0.5812312800150974
10801000: 1.0747923299297588, 1.3560287088694252, 1.1305650604661253, 1.5136168375499632, 1.567557309131432: 1.391941979: 0.8453116116405083, 0.4473869452975021, 0.35842172574734443, 0.5812312800150974, 1.0747923299297588
10831000: 1.3560287088694252, 1.1305650604661253, 1.5136168375499632, 1.567557309131432, 0.7628084969980453: 1.24363692604: 0.4473869452975021, 0.35842172574734443, 0.5812312800150974, 1.0747923299297588, 1.3560287088694252
10861000: 1.1305650604661253, 1.5136168375499632, 1.567557309131432, 0.7628084969980453, 1.6311855203416008: 1.36879204101: 0.35842172574734443, 0.5812312800150974, 1.0747923299297588, 1.3560287088694252, 1.1305650604661253
10891000: 1.5136168375499632, 1.567557309131432, 0.7628084969980453, 1.6311855203416008, 2.046817381600618: 1.50209217702: 0.5812312800150974, 1.0747923299297588, 1.3560287088694252, 1.1305650604661253, 1.5136168375499632
10921000: 1.567557309131432, 0.7628084969980453, 1.6311855203416008, 2.046817381600618, 0.8552408897623311: 1.32401307218: 1.0747923299297588, 1.3560287088694252, 1.1305650604661253, 1.5136168375499632, 1.567557309131432
10951000: 0.7628084969980453, 1.6311855203416008, 2.046817381600618, 0.8552408897623311, 0.5044115468409583: 1.25941383464: 1.3560287088694252, 1.1305650604661253, 1.5136168375499632, 1.567557309131432, 0.7628084969980453
10981000: 1.6311855203416008, 2.046817381600618, 0.8552408897623311, 0.5044115468409583, 0.6019169498910678: 1.00209669202: 1.1305650604661253, 1.5136168375499632, 1.567557309131432, 0.7628084969980453, 1.6311855203416008
11011000: 2.046817381600618, 0.8552408897623311, 0.5044115468409583, 0.6019169498910678, 0.484697385620915: 0.611566693029: 1.5136168375499632, 1.567557309131432, 0.7628084969980453, 1.6311855203416008, 2.046817381600618
11041000: 0.8552408897623311, 0.5044115468409583, 0.6019169498910678, 0.484697385620915, 0.4276296732026144: 0.504663888889: 1.567557309131432, 0.7628084969980453, 1.6311855203416008, 2.046817381600618, 0.8552408897623311
11071000: 0.5044115468409583, 0.6019169498910678, 0.484697385620915, 0.4276296732026144, 0.3937037037037037: 0.476986928105: 0.7628084969980453, 1.6311855203416008, 2.046817381600618, 0.8552408897623311, 0.5044115468409583
11101000: 0.6019169498910678, 0.484697385620915, 0.4276296732026144, 0.3937037037037037, 0.6555874346405228: 0.490404549292: 1.6311855203416008, 2.046817381600618, 0.8552408897623311, 0.5044115468409583, 0.6019169498910678
11131000: 0.484697385620915, 0.4276296732026144, 0.3937037037037037, 0.6555874346405228, 1.350364820261438: 0.706821407952: 2.046817381600618, 0.8552408897623311, 0.5044115468409583, 0.6019169498910678, 0.484697385620915
11161000: 0.4276296732026144, 0.3937037037037037, 0.6555874346405228, 1.350364820261438, 1.3274564923747278: 0.931778112745: 0.8552408897623311, 0.5044115468409583, 0.6019169498910678, 0.484697385620915, 0.4276296732026144
11191000: 0.3937037037037037, 0.6555874346405228, 1.350364820261438, 1.3274564923747278, 0.6230749673202612: 0.989120928649: 0.5044115468409583, 0.6019169498910678, 0.484697385620915, 0.4276296732026144, 0.3937037037037037
11221000: 0.6555874346405228, 1.350364820261438, 1.3274564923747278, 0.6230749673202612, 0.6540995642701524: 0.988748961057: 0.6019169498910678, 0.484697385620915, 0.4276296732026144, 0.3937037037037037, 0.6555874346405228
11251000: 1.350364820261438, 1.3274564923747278, 0.6230749673202612, 0.6540995642701524, 1.3525410457516338: 0.989293017429: 0.484697385620915, 0.4276296732026144, 0.3937037037037037, 0.6555874346405228, 1.350364820261438
11281000: 1.3274564923747278, 0.6230749673202612, 0.6540995642701524, 1.3525410457516338, 1.2464846623093682: 0.969050059913: 0.4276296732026144, 0.3937037037037037, 0.6555874346405228, 1.350364820261438, 1.3274564923747278
11311000: 0.6230749673202612, 0.6540995642701524, 1.3525410457516338, 1.2464846623093682, 0.5767485403050111: 0.957468453159: 0.3937037037037037, 0.6555874346405228, 1.350364820261438, 1.3274564923747278, 0.6230749673202612
11341000: 0.6540995642701524, 1.3525410457516338, 1.2464846623093682, 0.5767485403050111, 0.26958614379084983: 0.861340098039: 0.6555874346405228, 1.350364820261438, 1.3274564923747278, 0.6230749673202612, 0.6540995642701524
11371000: 1.3525410457516338, 1.2464846623093682, 0.5767485403050111, 0.26958614379084983, 0.19971293981481483: 0.573133071555: 1.350364820261438, 1.3274564923747278, 0.6230749673202612, 0.6540995642701524, 1.3525410457516338
11401000: 1.2464846623093682, 0.5767485403050111, 0.26958614379084983, 0.19971293981481483, 0.5965879901960786: 0.410658903527: 1.3274564923747278, 0.6230749673202612, 0.6540995642701524, 1.3525410457516338, 1.2464846623093682
11431000: 0.5767485403050111, 0.26958614379084983, 0.19971293981481483, 0.5965879901960786, 0.5771979370915032: 0.410771252723: 0.6230749673202612, 0.6540995642701524, 1.3525410457516338, 1.2464846623093682, 0.5767485403050111
11461000: 0.26958614379084983, 0.19971293981481483, 0.5965879901960786, 0.5771979370915032, 0.16885416666666672: 0.385588258442: 0.6540995642701524, 1.3525410457516338, 1.2464846623093682, 0.5767485403050111, 0.26958614379084983
11491000: 0.19971293981481483, 0.5965879901960786, 0.5771979370915032, 0.16885416666666672, 0.3930751550642805: 0.433928812255: 1.3525410457516338, 1.2464846623093682, 0.5767485403050111, 0.26958614379084983, 0.19971293981481483
11521000: 0.5965879901960786, 0.5771979370915032, 0.16885416666666672, 0.3930751550642805, 0.5347775125494907: 0.418476192843: 1.2464846623093682, 0.5767485403050111, 0.26958614379084983, 0.19971293981481483, 0.5965879901960786
11551000: 0.5771979370915032, 0.16885416666666672, 0.3930751550642805, 0.5347775125494907, 0.4598620797074327: 0.389142228497: 0.5767485403050111, 0.26958614379084983, 0.19971293981481483, 0.5965879901960786, 0.5771979370915032
11581000: 0.16885416666666672, 0.3930751550642805, 0.5347775125494907, 0.4598620797074327, 0.8237962962962962: 0.552877760904: 0.26958614379084983, 0.19971293981481483, 0.5965879901960786, 0.5771979370915032, 0.16885416666666672
11611000: 0.3930751550642805, 0.5347775125494907, 0.4598620797074327, 0.8237962962962962, 1.2292862951737014: 0.761930545932: 0.19971293981481483, 0.5965879901960786, 0.5771979370915032, 0.16885416666666672, 0.3930751550642805
11641000: 0.5347775125494907, 0.4598620797074327, 0.8237962962962962, 1.2292862951737014, 1.805298809312593: 1.07956087012: 0.5965879901960786, 0.5771979370915032, 0.16885416666666672, 0.3930751550642805, 0.5347775125494907
11671000: 0.4598620797074327, 0.8237962962962962, 1.2292862951737014, 1.805298809312593, 1.7323840674913982: 1.39769136707: 0.5771979370915032, 0.16885416666666672, 0.3930751550642805, 0.5347775125494907, 0.4598620797074327
11701000: 0.8237962962962962, 1.2292862951737014, 1.805298809312593, 1.7323840674913982, 1.361997037073551: 1.53224155226: 0.16885416666666672, 0.3930751550642805, 0.5347775125494907, 0.4598620797074327, 0.8237962962962962
11731000: 1.2292862951737014, 1.805298809312593, 1.7323840674913982, 1.361997037073551, 1.1662416589859677: 1.51648039322: 0.3930751550642805, 0.5347775125494907, 0.4598620797074327, 0.8237962962962962, 1.2292862951737014
11761000: 1.805298809312593, 1.7323840674913982, 1.361997037073551, 1.1662416589859677, 0.654068761943821: 1.22867288137: 0.5347775125494907, 0.4598620797074327, 0.8237962962962962, 1.2292862951737014, 1.805298809312593
11791000: 1.7323840674913982, 1.361997037073551, 1.1662416589859677, 0.654068761943821, 0.7617765938819219: 0.986021012971: 0.4598620797074327, 0.8237962962962962, 1.2292862951737014, 1.805298809312593, 1.7323840674913982
11821000: 1.361997037073551, 1.1662416589859677, 0.654068761943821, 0.7617765938819219, 0.9572207022141709: 0.884826929256: 0.8237962962962962, 1.2292862951737014, 1.805298809312593, 1.7323840674913982, 1.361997037073551
11851000: 1.1662416589859677, 0.654068761943821, 0.7617765938819219, 0.9572207022141709, 0.9545415244899703: 0.831901895632: 1.2292862951737014, 1.805298809312593, 1.7323840674913982, 1.361997037073551, 1.1662416589859677
11881000: 0.654068761943821, 0.7617765938819219, 0.9572207022141709, 0.9545415244899703, 1.0229242821397106: 0.924115775681: 1.805298809312593, 1.7323840674913982, 1.361997037073551, 1.1662416589859677, 0.654068761943821
11911000: 0.7617765938819219, 0.9572207022141709, 0.9545415244899703, 1.0229242821397106, 0.8681747594914839: 0.950715317084: 1.7323840674913982, 1.361997037073551, 1.1662416589859677, 0.654068761943821, 0.7617765938819219
11941000: 0.9572207022141709, 0.9545415244899703, 1.0229242821397106, 0.8681747594914839, 0.8048222302310604: 0.912615699088: 1.361997037073551, 1.1662416589859677, 0.654068761943821, 0.7617765938819219, 0.9572207022141709
11971000: 0.9545415244899703, 1.0229242821397106, 0.8681747594914839, 0.8048222302310604, 0.6539894865356721: 0.837477689599: 1.1662416589859677, 0.654068761943821, 0.7617765938819219, 0.9572207022141709, 0.9545415244899703
12001000: 1.0229242821397106, 0.8681747594914839, 0.8048222302310604, 0.6539894865356721, 0.5887439776874709: 0.728932613486: 0.654068761943821, 0.7617765938819219, 0.9572207022141709, 0.9545415244899703, 1.0229242821397106
12031000: 0.8681747594914839, 0.8048222302310604, 0.6539894865356721, 0.5887439776874709, 1.2315313142483297: 0.819771752176: 0.7617765938819219, 0.9572207022141709, 0.9545415244899703, 1.0229242821397106, 0.8681747594914839
12061000: 0.8048222302310604, 0.6539894865356721, 0.5887439776874709, 1.2315313142483297, 1.6110191317571714: 1.02132097756: 0.9572207022141709, 0.9545415244899703, 1.0229242821397106, 0.8681747594914839, 0.8048222302310604
12091000: 0.6539894865356721, 0.5887439776874709, 1.2315313142483297, 1.6110191317571714, 1.0545990963383214: 1.12147338001: 0.9545415244899703, 1.0229242821397106, 0.8681747594914839, 0.8048222302310604, 0.6539894865356721
12121000: 0.5887439776874709, 1.2315313142483297, 1.6110191317571714, 1.0545990963383214, 0.6487052237543409: 1.13646369152: 1.0229242821397106, 0.8681747594914839, 0.8048222302310604, 0.6539894865356721, 0.5887439776874709
12151000: 1.2315313142483297, 1.6110191317571714, 1.0545990963383214, 0.6487052237543409, 0.9206871023965141: 1.05875263856: 0.8681747594914839, 0.8048222302310604, 0.6539894865356721, 0.5887439776874709, 1.2315313142483297
12181000: 1.6110191317571714, 1.0545990963383214, 0.6487052237543409, 0.9206871023965141, 1.103491339869281: 0.93187069059: 0.8048222302310604, 0.6539894865356721, 0.5887439776874709, 1.2315313142483297, 1.6110191317571714
12211000: 1.0545990963383214, 0.6487052237543409, 0.9206871023965141, 1.103491339869281, 1.0438349019607844: 0.929179641995: 0.6539894865356721, 0.5887439776874709, 1.2315313142483297, 1.6110191317571714, 1.0545990963383214
12241000: 0.6487052237543409, 0.9206871023965141, 1.103491339869281, 1.0438349019607844, 0.644822679738562: 0.928209005991: 0.5887439776874709, 1.2315313142483297, 1.6110191317571714, 1.0545990963383214, 0.6487052237543409
12271000: 0.9206871023965141, 1.103491339869281, 1.0438349019607844, 0.644822679738562, 0.17103265250544672: 0.740795393519: 1.2315313142483297, 1.6110191317571714, 1.0545990963383214, 0.6487052237543409, 0.9206871023965141
12301000: 1.103491339869281, 1.0438349019607844, 0.644822679738562, 0.17103265250544672, 0.20096354166666672: 0.515163443968: 1.6110191317571714, 1.0545990963383214, 0.6487052237543409, 0.9206871023965141, 1.103491339869281
12331000: 1.0438349019607844, 0.644822679738562, 0.17103265250544672, 0.20096354166666672, 0.5856977648420478: 0.400629159688: 1.0545990963383214, 0.6487052237543409, 0.9206871023965141, 1.103491339869281, 1.0438349019607844
12361000: 0.644822679738562, 0.17103265250544672, 0.20096354166666672, 0.5856977648420478, 0.8362391131156549: 0.448483268032: 0.6487052237543409, 0.9206871023965141, 1.103491339869281, 1.0438349019607844, 0.644822679738562
12391000: 0.17103265250544672, 0.20096354166666672, 0.5856977648420478, 0.8362391131156549, 0.5829917529353772: 0.55147304314: 0.9206871023965141, 1.103491339869281, 1.0438349019607844, 0.644822679738562, 0.17103265250544672
12421000: 0.20096354166666672, 0.5856977648420478, 0.8362391131156549, 0.5829917529353772, 0.633316608221601: 0.659561309779: 1.103491339869281, 1.0438349019607844, 0.644822679738562, 0.17103265250544672, 0.20096354166666672
12451000: 0.5856977648420478, 0.8362391131156549, 0.5829917529353772, 0.633316608221601, 1.1828137298249979: 0.808840301024: 1.0438349019607844, 0.644822679738562, 0.17103265250544672, 0.20096354166666672, 0.5856977648420478
12481000: 0.8362391131156549, 0.5829917529353772, 0.633316608221601, 1.1828137298249979, 1.377453937865582: 0.944144007212: 0.644822679738562, 0.17103265250544672, 0.20096354166666672, 0.5856977648420478, 0.8362391131156549
12511000: 0.5829917529353772, 0.633316608221601, 1.1828137298249979, 1.377453937865582, 0.9222569882837384: 1.02896031605: 0.17103265250544672, 0.20096354166666672, 0.5856977648420478, 0.8362391131156549, 0.5829917529353772
12541000: 0.633316608221601, 1.1828137298249979, 1.377453937865582, 0.9222569882837384, 0.49869598793241976: 0.995305160977: 0.20096354166666672, 0.5856977648420478, 0.8362391131156549, 0.5829917529353772, 0.633316608221601
12571000: 1.1828137298249979, 1.377453937865582, 0.9222569882837384, 0.49869598793241976, 0.6198895124768212: 0.85457410664: 0.5856977648420478, 0.8362391131156549, 0.5829917529353772, 0.633316608221601, 1.1828137298249979
