301000: 0.0, 0.0, 0.0, 0.0, 0.0: 0.0: 0.0, 0.0, 0.0, 0.0, 0.0
331000: 0.0, 0.0, 0.0, 0.0, 0.0: 0.0: 0.0, 0.0, 0.0, 0.0, 0.0
361000: 0.0, 0.0, 0.0, 0.0, 0.0: 0.0: 0.0, 0.0, 0.0, 0.0, 0.0
391000: 0.0, 0.0, 0.0, 0.0, 0.0: 0.0: 0.0, 0.0, 0.0, 0.0, 0.0
421000: 0.0, 0.0, 0.0, 0.0, 0.04861523747276687: 0.0121538093682: 0.0, 0.0, 0.0, 0.0, 0.0
451000: 0.0, 0.0, 0.0, 0.04861523747276687, 0.16541450980392147: 0.0535074368192: 0.0, 0.0, 0.0, 0.0, 0.0
481000: 0.0, 0.0, 0.04861523747276687, 0.16541450980392147, 0.37225588017429173: 0.146571406863: 0.0, 0.0, 0.0, 0.0, 0.0
511000: 0.0, 0.04861523747276687, 0.16541450980392147, 0.37225588017429173, 0.8614225539215682: 0.361927045343: 0.0, 0.0, 0.0, 0.0, 0.0
541000: 0.04861523747276687, 0.16541450980392147, 0.37225588017429173, 0.8614225539215682, 0.8419153937908498: 0.560252084423: 0.0, 0.0, 0.0, 0.0, 0.04861523747276687
571000: 0.16541450980392147, 0.37225588017429173, 0.8614225539215682, 0.8419153937908498, 0.5077321032432938: 0.645831482783: 0.0, 0.0, 0.0, 0.04861523747276687, 0.16541450980392147
601000: 0.37225588017429173, 0.8614225539215682, 0.8419153937908498, 0.5077321032432938, 0.5959369677510977: 0.701751754677: 0.0, 0.0, 0.04861523747276687, 0.16541450980392147, 0.37225588017429173
631000: 0.8614225539215682, 0.8419153937908498, 0.5077321032432938, 0.5959369677510977, 0.33196577732566557: 0.569387560528: 0.0, 0.04861523747276687, 0.16541450980392147, 0.37225588017429173, 0.8614225539215682
661000: 0.8419153937908498, 0.5077321032432938, 0.5959369677510977, 0.33196577732566557, 0.19836702066099884: 0.408500467245: 0.04861523747276687, 0.16541450980392147, 0.37225588017429173, 0.8614225539215682, 0.8419153937908498
691000: 0.5077321032432938, 0.5959369677510977, 0.33196577732566557, 0.19836702066099884, 0.24999999999999997: 0.344067441434: 0.16541450980392147, 0.37225588017429173, 0.8614225539215682, 0.8419153937908498, 0.5077321032432938
721000: 0.5959369677510977, 0.33196577732566557, 0.19836702066099884, 0.24999999999999997, 0.4733333333333333: 0.31341653283: 0.37225588017429173, 0.8614225539215682, 0.8419153937908498, 0.5077321032432938, 0.5959369677510977
751000: 0.33196577732566557, 0.19836702066099884, 0.24999999999999997, 0.4733333333333333, 0.6048119063180825: 0.381628065078: 0.8614225539215682, 0.8419153937908498, 0.5077321032432938, 0.5959369677510977, 0.33196577732566557
781000: 0.19836702066099884, 0.24999999999999997, 0.4733333333333333, 0.6048119063180825, 0.37130201525054474: 0.424861813725: 0.8419153937908498, 0.5077321032432938, 0.5959369677510977, 0.33196577732566557, 0.19836702066099884
811000: 0.24999999999999997, 0.4733333333333333, 0.6048119063180825, 0.37130201525054474, 0.7239869215409688: 0.543358544111: 0.5077321032432938, 0.5959369677510977, 0.33196577732566557, 0.19836702066099884, 0.24999999999999997
841000: 0.4733333333333333, 0.6048119063180825, 0.37130201525054474, 0.7239869215409688, 0.8902505154079858: 0.647587839629: 0.5959369677510977, 0.33196577732566557, 0.19836702066099884, 0.24999999999999997, 0.4733333333333333
871000: 0.6048119063180825, 0.37130201525054474, 0.7239869215409688, 0.8902505154079858, 0.5140962953920717: 0.624908936898: 0.33196577732566557, 0.19836702066099884, 0.24999999999999997, 0.4733333333333333, 0.6048119063180825
901000: 0.37130201525054474, 0.7239869215409688, 0.8902505154079858, 0.5140962953920717, 0.6184722222222223: 0.686701488641: 0.19836702066099884, 0.24999999999999997, 0.4733333333333333, 0.6048119063180825, 0.37130201525054474
931000: 0.7239869215409688, 0.8902505154079858, 0.5140962953920717, 0.6184722222222223, 0.4922222222222223: 0.628760313811: 0.24999999999999997, 0.4733333333333333, 0.6048119063180825, 0.37130201525054474, 0.7239869215409688
961000: 0.8902505154079858, 0.5140962953920717, 0.6184722222222223, 0.4922222222222223, 0.04120370370370371: 0.416498610885: 0.4733333333333333, 0.6048119063180825, 0.37130201525054474, 0.7239869215409688, 0.8902505154079858
991000: 0.5140962953920717, 0.6184722222222223, 0.4922222222222223, 0.04120370370370371, 0.0: 0.287974537037: 0.6048119063180825, 0.37130201525054474, 0.7239869215409688, 0.8902505154079858, 0.5140962953920717
1021000: 0.6184722222222223, 0.4922222222222223, 0.04120370370370371, 0.0, 0.18271241830065357: 0.179034586057: 0.37130201525054474, 0.7239869215409688, 0.8902505154079858, 0.5140962953920717, 0.6184722222222223
1051000: 0.4922222222222223, 0.04120370370370371, 0.0, 0.18271241830065357, 0.6464161220043574: 0.217583061002: 0.7239869215409688, 0.8902505154079858, 0.5140962953920717, 0.6184722222222223, 0.4922222222222223
1081000: 0.04120370370370371, 0.0, 0.18271241830065357, 0.6464161220043574, 0.56140522875817: 0.347633442266: 0.8902505154079858, 0.5140962953920717, 0.6184722222222223, 0.4922222222222223, 0.04120370370370371
1111000: 0.0, 0.18271241830065357, 0.6464161220043574, 0.56140522875817, 0.5958363439542481: 0.496592528254: 0.5140962953920717, 0.6184722222222223, 0.4922222222222223, 0.04120370370370371, 0.0
1141000: 0.18271241830065357, 0.6464161220043574, 0.56140522875817, 0.5958363439542481, 1.014346309912854: 0.704501001157: 0.6184722222222223, 0.4922222222222223, 0.04120370370370371, 0.0, 0.18271241830065357
1171000: 0.6464161220043574, 0.56140522875817, 0.5958363439542481, 1.014346309912854, 0.8203550095315904: 0.747985723039: 0.4922222222222223, 0.04120370370370371, 0.0, 0.18271241830065357, 0.6464161220043574
1201000: 0.56140522875817, 0.5958363439542481, 1.014346309912854, 0.8203550095315904, 0.4350115740740739: 0.716387309368: 0.04120370370370371, 0.0, 0.18271241830065357, 0.6464161220043574, 0.56140522875817
1231000: 0.5958363439542481, 1.014346309912854, 0.8203550095315904, 0.4350115740740739, 0.22031250000000005: 0.62250634838: 0.0, 0.18271241830065357, 0.6464161220043574, 0.56140522875817, 0.5958363439542481
1261000: 1.014346309912854, 0.8203550095315904, 0.4350115740740739, 0.22031250000000005, 0.35101851851851856: 0.456674400531: 0.18271241830065357, 0.6464161220043574, 0.56140522875817, 0.5958363439542481, 1.014346309912854
1291000: 0.8203550095315904, 0.4350115740740739, 0.22031250000000005, 0.35101851851851856, 0.4233333333333335: 0.357418981481: 0.6464161220043574, 0.56140522875817, 0.5958363439542481, 1.014346309912854, 0.8203550095315904
1321000: 0.4350115740740739, 0.22031250000000005, 0.35101851851851856, 0.4233333333333335, 0.16175925925925924: 0.289105902778: 0.56140522875817, 0.5958363439542481, 1.014346309912854, 0.8203550095315904, 0.4350115740740739
1351000: 0.22031250000000005, 0.35101851851851856, 0.4233333333333335, 0.16175925925925924, 0.05777777777777777: 0.248472222222: 0.5958363439542481, 1.014346309912854, 0.8203550095315904, 0.4350115740740739, 0.22031250000000005
1381000: 0.35101851851851856, 0.4233333333333335, 0.16175925925925924, 0.05777777777777777, 0.6510753485838782: 0.323486429739: 1.014346309912854, 0.8203550095315904, 0.4350115740740739, 0.22031250000000005, 0.35101851851851856
1411000: 0.4233333333333335, 0.16175925925925924, 0.05777777777777777, 0.6510753485838782, 1.1726596677559913: 0.510818013344: 0.8203550095315904, 0.4350115740740739, 0.22031250000000005, 0.35101851851851856, 0.4233333333333335
1441000: 0.16175925925925924, 0.05777777777777777, 0.6510753485838782, 1.1726596677559913, 1.1565518349056203: 0.759516157256: 0.4350115740740739, 0.22031250000000005, 0.35101851851851856, 0.4233333333333335, 0.16175925925925924
1471000: 0.05777777777777777, 0.6510753485838782, 1.1726596677559913, 1.1565518349056203, 0.7708232512297453: 0.937777525619: 0.22031250000000005, 0.35101851851851856, 0.4233333333333335, 0.16175925925925924, 0.05777777777777777
1501000: 0.6510753485838782, 1.1726596677559913, 1.1565518349056203, 0.7708232512297453, 0.4939194174134501: 0.898488542826: 0.35101851851851856, 0.4233333333333335, 0.16175925925925924, 0.05777777777777777, 0.6510753485838782
1531000: 1.1726596677559913, 1.1565518349056203, 0.7708232512297453, 0.4939194174134501, 0.46776383442265795: 0.722264584493: 0.4233333333333335, 0.16175925925925924, 0.05777777777777777, 0.6510753485838782, 1.1726596677559913
1561000: 1.1565518349056203, 0.7708232512297453, 0.4939194174134501, 0.46776383442265795, 0.580070522875817: 0.578144256485: 0.16175925925925924, 0.05777777777777777, 0.6510753485838782, 1.1726596677559913, 1.1565518349056203
1591000: 0.7708232512297453, 0.4939194174134501, 0.46776383442265795, 0.580070522875817, 0.5322222222222224: 0.518493999234: 0.05777777777777777, 0.6510753485838782, 1.1726596677559913, 1.1565518349056203, 0.7708232512297453
1621000: 0.4939194174134501, 0.46776383442265795, 0.580070522875817, 0.5322222222222224, 0.7737037037037038: 0.588440070806: 0.6510753485838782, 1.1726596677559913, 1.1565518349056203, 0.7708232512297453, 0.4939194174134501
1651000: 0.46776383442265795, 0.580070522875817, 0.5322222222222224, 0.7737037037037038, 1.0657986111111104: 0.737948764978: 1.1726596677559913, 1.1565518349056203, 0.7708232512297453, 0.4939194174134501, 0.46776383442265795
1681000: 0.580070522875817, 0.5322222222222224, 0.7737037037037038, 1.0657986111111104, 0.6574189814818022: 0.75728587963: 1.1565518349056203, 0.7708232512297453, 0.4939194174134501, 0.46776383442265795, 0.580070522875817
1711000: 0.5322222222222224, 0.7737037037037038, 1.0657986111111104, 0.6574189814818022, 0.7393055555569789: 0.809056712963: 0.7708232512297453, 0.4939194174134501, 0.46776383442265795, 0.580070522875817, 0.5322222222222224
1741000: 0.7737037037037038, 1.0657986111111104, 0.6574189814818022, 0.7393055555569789, 0.8462962962975118: 0.827204861112: 0.4939194174134501, 0.46776383442265795, 0.580070522875817, 0.5322222222222224, 0.7737037037037038
1771000: 1.0657986111111104, 0.6574189814818022, 0.7393055555569789, 0.8462962962975118, 0.7238888888890022: 0.741727430556: 0.46776383442265795, 0.580070522875817, 0.5322222222222224, 0.7737037037037038, 1.0657986111111104
1801000: 0.6574189814818022, 0.7393055555569789, 0.8462962962975118, 0.7238888888890022, 0.7574074074074076: 0.766724537038: 0.580070522875817, 0.5322222222222224, 0.7737037037037038, 1.0657986111111104, 0.6574189814818022
1831000: 0.7393055555569789, 0.8462962962975118, 0.7238888888890022, 0.7574074074074076, 0.911620370370371: 0.809803240741: 0.5322222222222224, 0.7737037037037038, 1.0657986111111104, 0.6574189814818022, 0.7393055555569789
1861000: 0.8462962962975118, 0.7238888888890022, 0.7574074074074076, 0.911620370370371, 1.1300016557734205: 0.88072958061: 0.7737037037037038, 1.0657986111111104, 0.6574189814818022, 0.7393055555569789, 0.8462962962975118
1891000: 0.7238888888890022, 0.7574074074074076, 0.911620370370371, 1.1300016557734205, 1.0220554466230936: 0.955271220044: 1.0657986111111104, 0.6574189814818022, 0.7393055555569789, 0.8462962962975118, 0.7238888888890022
1921000: 0.7574074074074076, 0.911620370370371, 1.1300016557734205, 1.0220554466230936, 0.5139982352941175: 0.894418927015: 0.6574189814818022, 0.7393055555569789, 0.8462962962975118, 0.7238888888890022, 0.7574074074074076
1951000: 0.911620370370371, 1.1300016557734205, 1.0220554466230936, 0.5139982352941175, 0.43828703703703703: 0.776085593682: 0.7393055555569789, 0.8462962962975118, 0.7238888888890022, 0.7574074074074076, 0.911620370370371
1981000: 1.1300016557734205, 1.0220554466230936, 0.5139982352941175, 0.43828703703703703, 0.7479629629629628: 0.680575920479: 0.8462962962975118, 0.7238888888890022, 0.7574074074074076, 0.911620370370371, 1.1300016557734205
2011000: 1.0220554466230936, 0.5139982352941175, 0.43828703703703703, 0.7479629629629628, 0.44546296296296284: 0.536427799564: 0.7238888888890022, 0.7574074074074076, 0.911620370370371, 1.1300016557734205, 1.0220554466230936
2041000: 0.5139982352941175, 0.43828703703703703, 0.7479629629629628, 0.44546296296296284, 0.21023148148148146: 0.460486111111: 0.7574074074074076, 0.911620370370371, 1.1300016557734205, 1.0220554466230936, 0.5139982352941175
2071000: 0.43828703703703703, 0.7479629629629628, 0.44546296296296284, 0.21023148148148146, 0.25972222222222213: 0.415844907407: 0.911620370370371, 1.1300016557734205, 1.0220554466230936, 0.5139982352941175, 0.43828703703703703
2101000: 0.7479629629629628, 0.44546296296296284, 0.21023148148148146, 0.25972222222222213, 0.20865740740740743: 0.281018518519: 1.1300016557734205, 1.0220554466230936, 0.5139982352941175, 0.43828703703703703, 0.7479629629629628
2131000: 0.44546296296296284, 0.21023148148148146, 0.25972222222222213, 0.20865740740740743, 0.9199098910675384: 0.399630250545: 1.0220554466230936, 0.5139982352941175, 0.43828703703703703, 0.7479629629629628, 0.44546296296296284
2161000: 0.21023148148148146, 0.25972222222222213, 0.20865740740740743, 0.9199098910675384, 0.9136480664488018: 0.575484396786: 0.5139982352941175, 0.43828703703703703, 0.7479629629629628, 0.44546296296296284, 0.21023148148148146
2191000: 0.25972222222222213, 0.20865740740740743, 0.9199098910675384, 0.9136480664488018, 0.2730900272331342: 0.578826348039: 0.43828703703703703, 0.7479629629629628, 0.44546296296296284, 0.21023148148148146, 0.25972222222222213
2221000: 0.20865740740740743, 0.9199098910675384, 0.9136480664488018, 0.2730900272331342, 0.4703943464052692: 0.644260582789: 0.7479629629629628, 0.44546296296296284, 0.21023148148148146, 0.25972222222222213, 0.20865740740740743
2251000: 0.9199098910675384, 0.9136480664488018, 0.2730900272331342, 0.4703943464052692, 1.1642453159041606: 0.705344438998: 0.44546296296296284, 0.21023148148148146, 0.25972222222222213, 0.20865740740740743, 0.9199098910675384
2281000: 0.9136480664488018, 0.2730900272331342, 0.4703943464052692, 1.1642453159041606, 1.5180511437908495: 0.856445208333: 0.21023148148148146, 0.25972222222222213, 0.20865740740740743, 0.9199098910675384, 0.9136480664488018
2311000: 0.2730900272331342, 0.4703943464052692, 1.1642453159041606, 1.5180511437908495, 1.1392960784313724: 1.07299672113: 0.25972222222222213, 0.20865740740740743, 0.9199098910675384, 0.9136480664488018, 0.2730900272331342
2341000: 0.4703943464052692, 1.1642453159041606, 1.5180511437908495, 1.1392960784313724, 1.3035218300653593: 1.28127859205: 0.20865740740740743, 0.9199098910675384, 0.9136480664488018, 0.2730900272331342, 0.4703943464052692
2371000: 1.1642453159041606, 1.5180511437908495, 1.1392960784313724, 1.3035218300653593, 1.1475925925925925: 1.27711541122: 0.9199098910675384, 0.9136480664488018, 0.2730900272331342, 0.4703943464052692, 1.1642453159041606
2401000: 1.5180511437908495, 1.1392960784313724, 1.3035218300653593, 1.1475925925925925, 0.6983333333333334: 1.07218595861: 0.9136480664488018, 0.2730900272331342, 0.4703943464052692, 1.1642453159041606, 1.5180511437908495
2431000: 1.1392960784313724, 1.3035218300653593, 1.1475925925925925, 0.6983333333333334, 0.696111111111111: 0.961389716776: 0.2730900272331342, 0.4703943464052692, 1.1642453159041606, 1.5180511437908495, 1.1392960784313724
2461000: 1.3035218300653593, 1.1475925925925925, 0.6983333333333334, 0.696111111111111, 0.4897222222222222: 0.757939814815: 0.4703943464052692, 1.1642453159041606, 1.5180511437908495, 1.1392960784313724, 1.3035218300653593
2491000: 1.1475925925925925, 0.6983333333333334, 0.696111111111111, 0.4897222222222222, 0.42629629629629634: 0.577615740741: 1.1642453159041606, 1.5180511437908495, 1.1392960784313724, 1.3035218300653593, 1.1475925925925925
2521000: 0.6983333333333334, 0.696111111111111, 0.4897222222222222, 0.42629629629629634, 0.4801851851851852: 0.523078703704: 1.5180511437908495, 1.1392960784313724, 1.3035218300653593, 1.1475925925925925, 0.6983333333333334
2551000: 0.696111111111111, 0.4897222222222222, 0.42629629629629634, 0.4801851851851852, 0.2653703703703703: 0.415393518519: 1.1392960784313724, 1.3035218300653593, 1.1475925925925925, 0.6983333333333334, 0.696111111111111
2581000: 0.4897222222222222, 0.42629629629629634, 0.4801851851851852, 0.2653703703703703, 0.5547216081154683: 0.431643364992: 1.3035218300653593, 1.1475925925925925, 0.6983333333333334, 0.696111111111111, 0.4897222222222222
2611000: 0.42629629629629634, 0.4801851851851852, 0.2653703703703703, 0.5547216081154683, 0.5828648284313726: 0.470785498026: 1.1475925925925925, 0.6983333333333334, 0.696111111111111, 0.4897222222222222, 0.42629629629629634
2641000: 0.4801851851851852, 0.2653703703703703, 0.5547216081154683, 0.5828648284313726, 0.3042188194444445: 0.42679390659: 0.6983333333333334, 0.696111111111111, 0.4897222222222222, 0.42629629629629634, 0.4801851851851852
2671000: 0.2653703703703703, 0.5547216081154683, 0.5828648284313726, 0.3042188194444445, 0.8502704575163396: 0.573018928377: 0.696111111111111, 0.4897222222222222, 0.42629629629629634, 0.4801851851851852, 0.2653703703703703
2701000: 0.5547216081154683, 0.5828648284313726, 0.3042188194444445, 0.8502704575163396, 1.3003222222222217: 0.759419081904: 0.4897222222222222, 0.42629629629629634, 0.4801851851851852, 0.2653703703703703, 0.5547216081154683
2731000: 0.5828648284313726, 0.3042188194444445, 0.8502704575163396, 1.3003222222222217, 0.9207569934640525: 0.843892123162: 0.42629629629629634, 0.4801851851851852, 0.2653703703703703, 0.5547216081154683, 0.5828648284313726
2761000: 0.3042188194444445, 0.8502704575163396, 1.3003222222222217, 0.9207569934640525, 0.24444444444444446: 0.828948529412: 0.4801851851851852, 0.2653703703703703, 0.5547216081154683, 0.5828648284313726, 0.3042188194444445
2791000: 0.8502704575163396, 1.3003222222222217, 0.9207569934640525, 0.24444444444444446, 0.31675925925925935: 0.695570729847: 0.2653703703703703, 0.5547216081154683, 0.5828648284313726, 0.3042188194444445, 0.8502704575163396
2821000: 1.3003222222222217, 0.9207569934640525, 0.24444444444444446, 0.31675925925925935, 0.5472337962962963: 0.507298623366: 0.5547216081154683, 0.5828648284313726, 0.3042188194444445, 0.8502704575163396, 1.3003222222222217
2851000: 0.9207569934640525, 0.24444444444444446, 0.31675925925925935, 0.5472337962962963, 0.4734375000002156: 0.39546875: 0.5828648284313726, 0.3042188194444445, 0.8502704575163396, 1.3003222222222217, 0.9207569934640525
2881000: 0.24444444444444446, 0.31675925925925935, 0.5472337962962963, 0.4734375000002156, 0.9151388888914763: 0.563142361112: 0.3042188194444445, 0.8502704575163396, 1.3003222222222217, 0.9207569934640525, 0.24444444444444446
2911000: 0.31675925925925935, 0.5472337962962963, 0.4734375000002156, 0.9151388888914763, 1.0548148148171856: 0.747656250001: 0.8502704575163396, 1.3003222222222217, 0.9207569934640525, 0.24444444444444446, 0.31675925925925935
2941000: 0.5472337962962963, 0.4734375000002156, 0.9151388888914763, 1.0548148148171856, 1.1507308986928106: 0.8985305256: 1.3003222222222217, 0.9207569934640525, 0.24444444444444446, 0.31675925925925935, 0.5472337962962963
2971000: 0.4734375000002156, 0.9151388888914763, 1.0548148148171856, 1.1507308986928106, 1.6481155909586047: 1.19220004834: 0.9207569934640525, 0.24444444444444446, 0.31675925925925935, 0.5472337962962963, 0.4734375000002156
3001000: 0.9151388888914763, 1.0548148148171856, 1.1507308986928106, 1.6481155909586047, 2.247506220043572: 1.52529188113: 0.24444444444444446, 0.31675925925925935, 0.5472337962962963, 0.4734375000002156, 0.9151388888914763
3031000: 1.0548148148171856, 1.1507308986928106, 1.6481155909586047, 2.247506220043572, 2.9806336805555564: 2.00674659756: 0.31675925925925935, 0.5472337962962963, 0.4734375000002156, 0.9151388888914763, 1.0548148148171856
3061000: 1.1507308986928106, 1.6481155909586047, 2.247506220043572, 2.9806336805555564, 2.2778472222222224: 2.28852567844: 0.5472337962962963, 0.4734375000002156, 0.9151388888914763, 1.0548148148171856, 1.1507308986928106
3091000: 1.6481155909586047, 2.247506220043572, 2.9806336805555564, 2.2778472222222224, 1.3175715672657946: 2.20588967252: 0.4734375000002156, 0.9151388888914763, 1.0548148148171856, 1.1507308986928106, 1.6481155909586047
3121000: 2.247506220043572, 2.9806336805555564, 2.2778472222222224, 1.3175715672657946, 0.9864241013071897: 1.89061914284: 0.9151388888914763, 1.0548148148171856, 1.1507308986928106, 1.6481155909586047, 2.247506220043572
3151000: 2.9806336805555564, 2.2778472222222224, 1.3175715672657946, 0.9864241013071897, 0.6272408442265794: 1.30227093376: 1.0548148148171856, 1.1507308986928106, 1.6481155909586047, 2.247506220043572, 2.9806336805555564
3181000: 2.2778472222222224, 1.3175715672657946, 0.9864241013071897, 0.6272408442265794, 0.7523239745034113: 0.920890121826: 1.1507308986928106, 1.6481155909586047, 2.247506220043572, 2.9806336805555564, 2.2778472222222224
3211000: 1.3175715672657946, 0.9864241013071897, 0.6272408442265794, 0.7523239745034113, 0.6488367041835077: 0.753706406055: 1.6481155909586047, 2.247506220043572, 2.9806336805555564, 2.2778472222222224, 1.3175715672657946
3241000: 0.9864241013071897, 0.6272408442265794, 0.7523239745034113, 0.6488367041835077, 0.4102345542988333: 0.609659019303: 2.247506220043572, 2.9806336805555564, 2.2778472222222224, 1.3175715672657946, 0.9864241013071897
3271000: 0.6272408442265794, 0.7523239745034113, 0.6488367041835077, 0.4102345542988333, 0.3281202614379085: 0.534878873606: 2.9806336805555564, 2.2778472222222224, 1.3175715672657946, 0.9864241013071897, 0.6272408442265794
3301000: 0.7523239745034113, 0.6488367041835077, 0.4102345542988333, 0.3281202614379085, 0.7071646405228758: 0.523589040111: 2.2778472222222224, 1.3175715672657946, 0.9864241013071897, 0.6272408442265794, 0.7523239745034113
3331000: 0.6488367041835077, 0.4102345542988333, 0.3281202614379085, 0.7071646405228758, 0.7877777777777776: 0.558324308509: 1.3175715672657946, 0.9864241013071897, 0.6272408442265794, 0.7523239745034113, 0.6488367041835077
3361000: 0.4102345542988333, 0.3281202614379085, 0.7071646405228758, 0.7877777777777776, 0.29796296296296293: 0.530256410675: 0.9864241013071897, 0.6272408442265794, 0.7523239745034113, 0.6488367041835077, 0.4102345542988333
3391000: 0.3281202614379085, 0.7071646405228758, 0.7877777777777776, 0.29796296296296293, 0.4562962962962963: 0.56230041939: 0.6272408442265794, 0.7523239745034113, 0.6488367041835077, 0.4102345542988333, 0.3281202614379085
3421000: 0.7071646405228758, 0.7877777777777776, 0.29796296296296293, 0.4562962962962963, 0.7538888888888887: 0.573981481481: 0.7523239745034113, 0.6488367041835077, 0.4102345542988333, 0.3281202614379085, 0.7071646405228758
3451000: 0.7877777777777776, 0.29796296296296293, 0.4562962962962963, 0.7538888888888887, 0.7959027777777777: 0.576012731481: 0.6488367041835077, 0.4102345542988333, 0.3281202614379085, 0.7071646405228758, 0.7877777777777776
3481000: 0.29796296296296293, 0.4562962962962963, 0.7538888888888887, 0.7959027777777777, 0.6699189814814814: 0.669001736111: 0.4102345542988333, 0.3281202614379085, 0.7071646405228758, 0.7877777777777776, 0.29796296296296293
3511000: 0.4562962962962963, 0.7538888888888887, 0.7959027777777777, 0.6699189814814814, 0.8345717592592592: 0.763570601852: 0.3281202614379085, 0.7071646405228758, 0.7877777777777776, 0.29796296296296293, 0.4562962962962963
3541000: 0.7538888888888887, 0.7959027777777777, 0.6699189814814814, 0.8345717592592592, 0.6428703703703705: 0.735815972222: 0.7071646405228758, 0.7877777777777776, 0.29796296296296293, 0.4562962962962963, 0.7538888888888887
3571000: 0.7959027777777777, 0.6699189814814814, 0.8345717592592592, 0.6428703703703705, 0.28361111111111115: 0.607743055556: 0.7877777777777776, 0.29796296296296293, 0.4562962962962963, 0.7538888888888887, 0.7959027777777777
3601000: 0.6699189814814814, 0.8345717592592592, 0.6428703703703705, 0.28361111111111115, 0.421111111111111: 0.545541087963: 0.29796296296296293, 0.4562962962962963, 0.7538888888888887, 0.7959027777777777, 0.6699189814814814
3631000: 0.8345717592592592, 0.6428703703703705, 0.28361111111111115, 0.421111111111111, 0.36199652777777774: 0.427397280093: 0.4562962962962963, 0.7538888888888887, 0.7959027777777777, 0.6699189814814814, 0.8345717592592592
3661000: 0.6428703703703705, 0.28361111111111115, 0.421111111111111, 0.36199652777777774, 0.8722395833333334: 0.484739583333: 0.7538888888888887, 0.7959027777777777, 0.6699189814814814, 0.8345717592592592, 0.6428703703703705
3691000: 0.28361111111111115, 0.421111111111111, 0.36199652777777774, 0.8722395833333334, 1.184505876906318: 0.709963274782: 0.7959027777777777, 0.6699189814814814, 0.8345717592592592, 0.6428703703703705, 0.28361111111111115
3721000: 0.421111111111111, 0.36199652777777774, 0.8722395833333334, 1.184505876906318, 0.9352429193899783: 0.838496226852: 0.6699189814814814, 0.8345717592592592, 0.6428703703703705, 0.28361111111111115, 0.421111111111111
3751000: 0.36199652777777774, 0.8722395833333334, 1.184505876906318, 0.9352429193899783, 1.010725294117647: 1.00067841844: 0.8345717592592592, 0.6428703703703705, 0.28361111111111115, 0.421111111111111, 0.36199652777777774
3781000: 0.8722395833333334, 1.184505876906318, 0.9352429193899783, 1.010725294117647, 1.1466387799564268: 1.06927821759: 0.6428703703703705, 0.28361111111111115, 0.421111111111111, 0.36199652777777774, 0.8722395833333334
3811000: 1.184505876906318, 0.9352429193899783, 1.010725294117647, 1.1466387799564268, 1.7204121023965138: 1.20325477397: 0.28361111111111115, 0.421111111111111, 0.36199652777777774, 0.8722395833333334, 1.184505876906318
3841000: 0.9352429193899783, 1.010725294117647, 1.1466387799564268, 1.7204121023965138, 1.6711111111111114: 1.3872218219: 0.421111111111111, 0.36199652777777774, 0.8722395833333334, 1.184505876906318, 0.9352429193899783
3871000: 1.010725294117647, 1.1466387799564268, 1.7204121023965138, 1.6711111111111114, 0.8399074074074075: 1.34451735022: 0.36199652777777774, 0.8722395833333334, 1.184505876906318, 0.9352429193899783, 1.010725294117647
3901000: 1.1466387799564268, 1.7204121023965138, 1.6711111111111114, 0.8399074074074075, 1.0366203703703705: 1.31701274782: 0.8722395833333334, 1.184505876906318, 0.9352429193899783, 1.010725294117647, 1.1466387799564268
3931000: 1.7204121023965138, 1.6711111111111114, 0.8399074074074075, 1.0366203703703705, 2.2349074074074067: 1.44563657407: 1.184505876906318, 0.9352429193899783, 1.010725294117647, 1.1466387799564268, 1.7204121023965138
3961000: 1.6711111111111114, 0.8399074074074075, 1.0366203703703705, 2.2349074074074067, 2.091972984749455: 1.55085204248: 0.9352429193899783, 1.010725294117647, 1.1466387799564268, 1.7204121023965138, 1.6711111111111114
3991000: 0.8399074074074075, 1.0366203703703705, 2.2349074074074067, 2.091972984749455, 0.9135578431372552: 1.56926465142: 1.010725294117647, 1.1466387799564268, 1.7204121023965138, 1.6711111111111114, 0.8399074074074075
4021000: 1.0366203703703705, 2.2349074074074067, 2.091972984749455, 0.9135578431372552, 0.464316339869281: 1.42618864379: 1.1466387799564268, 1.7204121023965138, 1.6711111111111114, 0.8399074074074075, 1.0366203703703705
4051000: 2.2349074074074067, 2.091972984749455, 0.9135578431372552, 0.464316339869281, 1.0592824074074074: 1.13228239379: 1.7204121023965138, 1.6711111111111114, 0.8399074074074075, 1.0366203703703705, 2.2349074074074067
4081000: 2.091972984749455, 0.9135578431372552, 0.464316339869281, 1.0592824074074074, 1.9954142592592585: 1.10814271242: 1.6711111111111114, 0.8399074074074075, 1.0366203703703705, 2.2349074074074067, 2.091972984749455
4111000: 0.9135578431372552, 0.464316339869281, 1.0592824074074074, 1.9954142592592585, 1.9685670479302835: 1.37189501362: 0.8399074074074075, 1.0366203703703705, 2.2349074074074067, 2.091972984749455, 0.9135578431372552
4141000: 0.464316339869281, 1.0592824074074074, 1.9954142592592585, 1.9685670479302835, 1.6808495479302825: 1.67602831563: 1.0366203703703705, 2.2349074074074067, 2.091972984749455, 0.9135578431372552, 0.464316339869281
4171000: 1.0592824074074074, 1.9954142592592585, 1.9685670479302835, 1.6808495479302825, 1.4389027009186925: 1.77093338901: 2.2349074074074067, 2.091972984749455, 0.9135578431372552, 0.464316339869281, 1.0592824074074074
4201000: 1.9954142592592585, 1.9685670479302835, 1.6808495479302825, 1.4389027009186925, 1.3246554904513888: 1.60324369681: 2.091972984749455, 0.9135578431372552, 0.464316339869281, 1.0592824074074074, 1.9954142592592585
4231000: 1.9685670479302835, 1.6808495479302825, 1.4389027009186925, 1.3246554904513888, 1.0727782524956597: 1.37929649795: 0.9135578431372552, 0.464316339869281, 1.0592824074074074, 1.9954142592592585, 1.9685670479302835
4261000: 1.6808495479302825, 1.4389027009186925, 1.3246554904513888, 1.0727782524956597, 0.3842592592592593: 1.05514892578: 0.464316339869281, 1.0592824074074074, 1.9954142592592585, 1.9685670479302835, 1.6808495479302825
4291000: 1.4389027009186925, 1.3246554904513888, 1.0727782524956597, 0.3842592592592593, 0.22506337331091275: 0.751689093879: 1.0592824074074074, 1.9954142592592585, 1.9685670479302835, 1.6808495479302825, 1.4389027009186925
4321000: 1.3246554904513888, 1.0727782524956597, 0.3842592592592593, 0.22506337331091275, 0.269383123334212: 0.4878710021: 1.9954142592592585, 1.9685670479302835, 1.6808495479302825, 1.4389027009186925, 1.3246554904513888
4351000: 1.0727782524956597, 0.3842592592592593, 0.22506337331091275, 0.269383123334212, 0.8681428905467549: 0.436712161613: 1.9685670479302835, 1.6808495479302825, 1.4389027009186925, 1.3246554904513888, 1.0727782524956597
4381000: 0.3842592592592593, 0.22506337331091275, 0.269383123334212, 0.8681428905467549, 1.4540375712284022: 0.704156739605: 1.6808495479302825, 1.4389027009186925, 1.3246554904513888, 1.0727782524956597, 0.3842592592592593
4411000: 0.22506337331091275, 0.269383123334212, 0.8681428905467549, 1.4540375712284022, 1.4060732419945272: 0.999409206776: 1.4389027009186925, 1.3246554904513888, 1.0727782524956597, 0.3842592592592593, 0.22506337331091275
4441000: 0.269383123334212, 0.8681428905467549, 1.4540375712284022, 1.4060732419945272, 1.2367300174569666: 1.24124593031: 1.3246554904513888, 1.0727782524956597, 0.3842592592592593, 0.22506337331091275, 0.269383123334212
4471000: 0.8681428905467549, 1.4540375712284022, 1.4060732419945272, 1.2367300174569666, 0.9802078148503032: 1.26926216138: 1.0727782524956597, 0.3842592592592593, 0.22506337331091275, 0.269383123334212, 0.8681428905467549
4501000: 1.4540375712284022, 1.4060732419945272, 1.2367300174569666, 0.9802078148503032, 0.5393678077131565: 1.0405947205: 0.3842592592592593, 0.22506337331091275, 0.269383123334212, 0.8681428905467549, 1.4540375712284022
4531000: 1.4060732419945272, 1.2367300174569666, 0.9802078148503032, 0.5393678077131565, 0.2995418961453096: 0.763961884041: 0.22506337331091275, 0.269383123334212, 0.8681428905467549, 1.4540375712284022, 1.4060732419945272
4561000: 1.2367300174569666, 0.9802078148503032, 0.5393678077131565, 0.2995418961453096, 1.0478456700580228: 0.716740797192: 0.269383123334212, 0.8681428905467549, 1.4540375712284022, 1.4060732419945272, 1.2367300174569666
4591000: 0.9802078148503032, 0.5393678077131565, 0.2995418961453096, 1.0478456700580228, 1.5318653280033394: 0.85465517548: 0.8681428905467549, 1.4540375712284022, 1.4060732419945272, 1.2367300174569666, 0.9802078148503032
4621000: 0.5393678077131565, 0.2995418961453096, 1.0478456700580228, 1.5318653280033394, 1.3349342711823917: 1.05354679135: 1.4540375712284022, 1.4060732419945272, 1.2367300174569666, 0.9802078148503032, 0.5393678077131565
4651000: 0.2995418961453096, 1.0478456700580228, 1.5318653280033394, 1.3349342711823917, 1.1373761383442265: 1.2630053519: 1.4060732419945272, 1.2367300174569666, 0.9802078148503032, 0.5393678077131565, 0.2995418961453096
4681000: 1.0478456700580228, 1.5318653280033394, 1.3349342711823917, 1.1373761383442265, 1.7473561002178648: 1.43788295944: 1.2367300174569666, 0.9802078148503032, 0.5393678077131565, 0.2995418961453096, 1.0478456700580228
4711000: 1.5318653280033394, 1.3349342711823917, 1.1373761383442265, 1.7473561002178648, 2.3746044172113288: 1.64856773174: 0.9802078148503032, 0.5393678077131565, 0.2995418961453096, 1.0478456700580228, 1.5318653280033394
4741000: 1.3349342711823917, 1.1373761383442265, 1.7473561002178648, 2.3746044172113288, 1.5915125925925928: 1.71271231209: 0.5393678077131565, 0.2995418961453096, 1.0478456700580228, 1.5318653280033394, 1.3349342711823917
4771000: 1.1373761383442265, 1.7473561002178648, 2.3746044172113288, 1.5915125925925928, 0.7819185130718953: 1.62384790577: 0.2995418961453096, 1.0478456700580228, 1.5318653280033394, 1.3349342711823917, 1.1373761383442265
4801000: 1.7473561002178648, 2.3746044172113288, 1.5915125925925928, 0.7819185130718953, 0.9209034885620916: 1.41723475286: 1.0478456700580228, 1.5318653280033394, 1.3349342711823917, 1.1373761383442265, 1.7473561002178648
4831000: 2.3746044172113288, 1.5915125925925928, 0.7819185130718953, 0.9209034885620916, 2.214598992374728: 1.37723339665: 1.5318653280033394, 1.3349342711823917, 1.1373761383442265, 1.7473561002178648, 2.3746044172113288
4861000: 1.5915125925925928, 0.7819185130718953, 0.9209034885620916, 2.214598992374728, 2.8787484613289758: 1.69904236383: 1.3349342711823917, 1.1373761383442265, 1.7473561002178648, 2.3746044172113288, 1.5915125925925928
4891000: 0.7819185130718953, 0.9209034885620916, 2.214598992374728, 2.8787484613289758, 1.6206223583877997: 1.90871832516: 1.1373761383442265, 1.7473561002178648, 2.3746044172113288, 1.5915125925925928, 0.7819185130718953
4921000: 0.9209034885620916, 2.214598992374728, 2.8787484613289758, 1.6206223583877997, 0.4419736383442268: 1.78898586261: 1.7473561002178648, 2.3746044172113288, 1.5915125925925928, 0.7819185130718953, 0.9209034885620916
4951000: 2.214598992374728, 2.8787484613289758, 1.6206223583877997, 0.4419736383442268, 0.5696991013071896: 1.37776088984: 2.3746044172113288, 1.5915125925925928, 0.7819185130718953, 0.9209034885620916, 2.214598992374728
4981000: 2.8787484613289758, 1.6206223583877997, 0.4419736383442268, 0.5696991013071896, 1.5073003649237473: 1.03489886574: 1.5915125925925928, 0.7819185130718953, 0.9209034885620916, 2.214598992374728, 2.8787484613289758
5011000: 1.6206223583877997, 0.4419736383442268, 0.5696991013071896, 1.5073003649237473, 1.2462366013071893: 0.941302426471: 0.7819185130718953, 0.9209034885620916, 2.214598992374728, 2.8787484613289758, 1.6206223583877997
5041000: 0.4419736383442268, 0.5696991013071896, 1.5073003649237473, 1.2462366013071893, 0.8017603376906316: 1.03124910131: 0.9209034885620916, 2.214598992374728, 2.8787484613289758, 1.6206223583877997, 0.4419736383442268
5071000: 0.5696991013071896, 1.5073003649237473, 1.2462366013071893, 0.8017603376906316, 2.1381944444444447: 1.42337293709: 2.214598992374728, 2.8787484613289758, 1.6206223583877997, 0.4419736383442268, 0.5696991013071896
5101000: 1.5073003649237473, 1.2462366013071893, 0.8017603376906316, 2.1381944444444447, 2.0446064814814813: 1.55769946623: 2.8787484613289758, 1.6206223583877997, 0.4419736383442268, 0.5696991013071896, 1.5073003649237473
5131000: 1.2462366013071893, 0.8017603376906316, 2.1381944444444447, 2.0446064814814813, 0.5720833333333333: 1.38916114924: 1.6206223583877997, 0.4419736383442268, 0.5696991013071896, 1.5073003649237473, 1.2462366013071893
5161000: 0.8017603376906316, 2.1381944444444447, 2.0446064814814813, 0.5720833333333333, 0.4129166666666666: 1.29195023148: 0.4419736383442268, 0.5696991013071896, 1.5073003649237473, 1.2462366013071893, 0.8017603376906316
5191000: 2.1381944444444447, 2.0446064814814813, 0.5720833333333333, 0.4129166666666666, 1.1320617429193898: 1.0404170561: 0.5696991013071896, 1.5073003649237473, 1.2462366013071893, 0.8017603376906316, 2.1381944444444447
5221000: 2.0446064814814813, 0.5720833333333333, 0.4129166666666666, 1.1320617429193898, 1.4298167755991282: 0.88671962963: 1.5073003649237473, 1.2462366013071893, 0.8017603376906316, 2.1381944444444447, 2.0446064814814813
5251000: 0.5720833333333333, 0.4129166666666666, 1.1320617429193898, 1.4298167755991282, 0.9124239869281046: 0.971804793028: 1.2462366013071893, 0.8017603376906316, 2.1381944444444447, 2.0446064814814813, 0.5720833333333333
5281000: 0.4129166666666666, 1.1320617429193898, 1.4298167755991282, 0.9124239869281046, 0.6232128540305009: 1.02437883987: 0.8017603376906316, 2.1381944444444447, 2.0446064814814813, 0.5720833333333333, 0.4129166666666666
5311000: 1.1320617429193898, 1.4298167755991282, 0.9124239869281046, 0.6232128540305009, 1.0727105664488017: 1.00954104575: 2.1381944444444447, 2.0446064814814813, 0.5720833333333333, 0.4129166666666666, 1.1320617429193898
5341000: 1.4298167755991282, 0.9124239869281046, 0.6232128540305009, 1.0727105664488017, 1.6857407407407405: 1.07352203704: 2.0446064814814813, 0.5720833333333333, 0.4129166666666666, 1.1320617429193898, 1.4298167755991282
5371000: 0.9124239869281046, 0.6232128540305009, 1.0727105664488017, 1.6857407407407405, 1.3068518518518522: 1.17212900327: 0.5720833333333333, 0.4129166666666666, 1.1320617429193898, 1.4298167755991282, 0.9124239869281046
5401000: 0.6232128540305009, 1.0727105664488017, 1.6857407407407405, 1.3068518518518522, 0.6453703703703701: 1.17766838235: 0.4129166666666666, 1.1320617429193898, 1.4298167755991282, 0.9124239869281046, 0.6232128540305009
5431000: 1.0727105664488017, 1.6857407407407405, 1.3068518518518522, 0.6453703703703701, 1.4681481481481478: 1.27652777778: 1.1320617429193898, 1.4298167755991282, 0.9124239869281046, 0.6232128540305009, 1.0727105664488017
5461000: 1.6857407407407405, 1.3068518518518522, 0.6453703703703701, 1.4681481481481478, 2.0605555555555557: 1.37023148148: 1.4298167755991282, 0.9124239869281046, 0.6232128540305009, 1.0727105664488017, 1.6857407407407405
5491000: 1.3068518518518522, 0.6453703703703701, 1.4681481481481478, 2.0605555555555557, 1.0246296296296298: 1.29967592593: 0.9124239869281046, 0.6232128540305009, 1.0727105664488017, 1.6857407407407405, 1.3068518518518522
5521000: 0.6453703703703701, 1.4681481481481478, 2.0605555555555557, 1.0246296296296298, 0.6442592592592593: 1.29939814815: 0.6232128540305009, 1.0727105664488017, 1.6857407407407405, 1.3068518518518522, 0.6453703703703701
5551000: 1.4681481481481478, 2.0605555555555557, 1.0246296296296298, 0.6442592592592593, 0.7021296296296299: 1.10789351852: 1.0727105664488017, 1.6857407407407405, 1.3068518518518522, 0.6453703703703701, 1.4681481481481478
5581000: 2.0605555555555557, 1.0246296296296298, 0.6442592592592593, 0.7021296296296299, 0.9592592592592588: 0.832569444444: 1.6857407407407405, 1.3068518518518522, 0.6453703703703701, 1.4681481481481478, 2.0605555555555557
5611000: 1.0246296296296298, 0.6442592592592593, 0.7021296296296299, 0.9592592592592588, 1.1271315359477125: 0.858194921024: 1.3068518518518522, 0.6453703703703701, 1.4681481481481478, 2.0605555555555557, 1.0246296296296298
5641000: 0.6442592592592593, 0.7021296296296299, 0.9592592592592588, 1.1271315359477125, 0.7035971677559912: 0.873029398148: 0.6453703703703701, 1.4681481481481478, 2.0605555555555557, 1.0246296296296298, 0.6442592592592593
5671000: 0.7021296296296299, 0.9592592592592588, 1.1271315359477125, 0.7035971677559912, 1.2168177450980393: 1.00170142702: 1.4681481481481478, 2.0605555555555557, 1.0246296296296298, 0.6442592592592593, 0.7021296296296299
5701000: 0.9592592592592588, 1.1271315359477125, 0.7035971677559912, 1.2168177450980393, 1.3246803921568633: 1.09305671024: 2.0605555555555557, 1.0246296296296298, 0.6442592592592593, 0.7021296296296299, 0.9592592592592588
5731000: 1.1271315359477125, 0.7035971677559912, 1.2168177450980393, 1.3246803921568633, 0.5365505010893247: 0.945411451525: 1.0246296296296298, 0.6442592592592593, 0.7021296296296299, 0.9592592592592588, 1.1271315359477125
5761000: 0.7035971677559912, 1.2168177450980393, 1.3246803921568633, 0.5365505010893247, 0.1646677559912853: 0.810679098584: 0.6442592592592593, 0.7021296296296299, 0.9592592592592588, 1.1271315359477125, 0.7035971677559912
5791000: 1.2168177450980393, 1.3246803921568633, 0.5365505010893247, 0.1646677559912853, 0.5212994151979823: 0.636799516109: 0.7021296296296299, 0.9592592592592588, 1.1271315359477125, 0.7035971677559912, 1.2168177450980393
5821000: 1.3246803921568633, 0.5365505010893247, 0.1646677559912853, 0.5212994151979823, 0.9020883564709823: 0.531151507187: 0.9592592592592588, 1.1271315359477125, 0.7035971677559912, 1.2168177450980393, 1.3246803921568633
5851000: 0.5365505010893247, 0.1646677559912853, 0.5212994151979823, 0.9020883564709823, 0.42175299356058155: 0.502452130305: 1.1271315359477125, 0.7035971677559912, 1.2168177450980393, 1.3246803921568633, 0.5365505010893247
5881000: 0.1646677559912853, 0.5212994151979823, 0.9020883564709823, 0.42175299356058155, 0.22639350422750912: 0.517883567364: 0.7035971677559912, 1.2168177450980393, 1.3246803921568633, 0.5365505010893247, 0.1646677559912853
5911000: 0.5212994151979823, 0.9020883564709823, 0.42175299356058155, 0.22639350422750912, 0.9122207773645262: 0.615613907906: 1.2168177450980393, 1.3246803921568633, 0.5365505010893247, 0.1646677559912853, 0.5212994151979823
5941000: 0.9020883564709823, 0.42175299356058155, 0.22639350422750912, 0.9122207773645262, 1.3266666121335056: 0.721758471822: 1.3246803921568633, 0.5365505010893247, 0.1646677559912853, 0.5212994151979823, 0.9020883564709823
5971000: 0.42175299356058155, 0.22639350422750912, 0.9122207773645262, 1.3266666121335056, 0.8123329927646322: 0.819403471623: 0.5365505010893247, 0.1646677559912853, 0.5212994151979823, 0.9020883564709823, 0.42175299356058155
6001000: 0.22639350422750912, 0.9122207773645262, 1.3266666121335056, 0.8123329927646322, 0.9225280631553588: 0.993437111355: 0.1646677559912853, 0.5212994151979823, 0.9020883564709823, 0.42175299356058155, 0.22639350422750912
6031000: 0.9122207773645262, 1.3266666121335056, 0.8123329927646322, 0.9225280631553588, 2.357125272431619: 1.35466323512: 0.5212994151979823, 0.9020883564709823, 0.42175299356058155, 0.22639350422750912, 0.9122207773645262
6061000: 1.3266666121335056, 0.8123329927646322, 0.9225280631553588, 2.357125272431619, 3.566888195894835: 1.91471863106: 0.9020883564709823, 0.42175299356058155, 0.22639350422750912, 0.9122207773645262, 1.3266666121335056
6091000: 0.8123329927646322, 0.9225280631553588, 2.357125272431619, 3.566888195894835, 2.8882739993262367: 2.4337038827: 0.42175299356058155, 0.22639350422750912, 0.9122207773645262, 1.3266666121335056, 0.8123329927646322
6121000: 0.9225280631553588, 2.357125272431619, 3.566888195894835, 2.8882739993262367, 1.5440467318352833: 2.58908354987: 0.22639350422750912, 0.9122207773645262, 1.3266666121335056, 0.8123329927646322, 0.9225280631553588
6151000: 2.357125272431619, 3.566888195894835, 2.8882739993262367, 1.5440467318352833, 1.0661847494553376: 2.26634841913: 0.9122207773645262, 1.3266666121335056, 0.8123329927646322, 0.9225280631553588, 2.357125272431619
6181000: 3.566888195894835, 2.8882739993262367, 1.5440467318352833, 1.0661847494553376, 0.8996146840958605: 1.59953004118: 1.3266666121335056, 0.8123329927646322, 0.9225280631553588, 2.357125272431619, 3.566888195894835
6211000: 2.8882739993262367, 1.5440467318352833, 1.0661847494553376, 0.8996146840958605, 1.4081963643790851: 1.22951063244: 0.8123329927646322, 0.9225280631553588, 2.357125272431619, 3.566888195894835, 2.8882739993262367
6241000: 1.5440467318352833, 1.0661847494553376, 0.8996146840958605, 1.4081963643790851, 1.8863516230936823: 1.31508685526: 0.9225280631553588, 2.357125272431619, 3.566888195894835, 2.8882739993262367, 1.5440467318352833
6271000: 1.0661847494553376, 0.8996146840958605, 1.4081963643790851, 1.8863516230936823, 1.7731577205882358: 1.49183009804: 2.357125272431619, 3.566888195894835, 2.8882739993262367, 1.5440467318352833, 1.0661847494553376
6301000: 0.8996146840958605, 1.4081963643790851, 1.8863516230936823, 1.7731577205882358, 1.1334962527233114: 1.5503004902: 3.566888195894835, 2.8882739993262367, 1.5440467318352833, 1.0661847494553376, 0.8996146840958605
6331000: 1.4081963643790851, 1.8863516230936823, 1.7731577205882358, 1.1334962527233114, 1.0245167388344223: 1.45438058381: 2.8882739993262367, 1.5440467318352833, 1.0661847494553376, 0.8996146840958605, 1.4081963643790851
6361000: 1.8863516230936823, 1.7731577205882358, 1.1334962527233114, 1.0245167388344223, 1.0108575144006375: 1.23550705664: 1.5440467318352833, 1.0661847494553376, 0.8996146840958605, 1.4081963643790851, 1.8863516230936823
6391000: 1.7731577205882358, 1.1334962527233114, 1.0245167388344223, 1.0108575144006375, 0.4651300980398929: 0.908500151: 1.0661847494553376, 0.8996146840958605, 1.4081963643790851, 1.8863516230936823, 1.7731577205882358
6421000: 1.1334962527233114, 1.0245167388344223, 1.0108575144006375, 0.4651300980398929, 0.4648321442918463: 0.741334123892: 0.8996146840958605, 1.4081963643790851, 1.8863516230936823, 1.7731577205882358, 1.1334962527233114
6451000: 1.0245167388344223, 1.0108575144006375, 0.4651300980398929, 0.4648321442918463, 0.9722607869751375: 0.728270135927: 1.4081963643790851, 1.8863516230936823, 1.7731577205882358, 1.1334962527233114, 1.0245167388344223
6481000: 1.0108575144006375, 0.4651300980398929, 0.4648321442918463, 0.9722607869751375, 1.1548564406200872: 0.764269867482: 1.8863516230936823, 1.7731577205882358, 1.1334962527233114, 1.0245167388344223, 1.0108575144006375
6511000: 0.4651300980398929, 0.4648321442918463, 0.9722607869751375, 1.1548564406200872, 0.81015136226615: 0.850525183538: 1.7731577205882358, 1.1334962527233114, 1.0245167388344223, 1.0108575144006375, 0.4651300980398929
6541000: 0.4648321442918463, 0.9722607869751375, 1.1548564406200872, 0.81015136226615, 1.8362023698241103: 1.19336773992: 1.1334962527233114, 1.0245167388344223, 1.0108575144006375, 0.4651300980398929, 0.4648321442918463
6571000: 0.9722607869751375, 1.1548564406200872, 0.81015136226615, 1.8362023698241103, 2.9809035305330975: 1.69552842581: 1.0245167388344223, 1.0108575144006375, 0.4651300980398929, 0.4648321442918463, 0.9722607869751375
6601000: 1.1548564406200872, 0.81015136226615, 1.8362023698241103, 2.9809035305330975, 2.299087981790349: 1.9815863111: 1.0108575144006375, 0.4651300980398929, 0.4648321442918463, 0.9722607869751375, 1.1548564406200872
6631000: 0.81015136226615, 1.8362023698241103, 2.9809035305330975, 2.299087981790349, 1.5894082700755205: 2.17640053806: 0.4651300980398929, 0.4648321442918463, 0.9722607869751375, 1.1548564406200872, 0.81015136226615
6661000: 1.8362023698241103, 2.9809035305330975, 2.299087981790349, 1.5894082700755205, 1.2387675177117294: 2.02704182503: 0.4648321442918463, 0.9722607869751375, 1.1548564406200872, 0.81015136226615, 1.8362023698241103
6691000: 2.9809035305330975, 2.299087981790349, 1.5894082700755205, 1.2387675177117294, 1.0202127480418117: 1.5368691294: 0.9722607869751375, 1.1548564406200872, 0.81015136226615, 1.8362023698241103, 2.9809035305330975
6721000: 2.299087981790349, 1.5894082700755205, 1.2387675177117294, 1.0202127480418117, 1.3143206355704886: 1.29067729285: 1.1548564406200872, 0.81015136226615, 1.8362023698241103, 2.9809035305330975, 2.299087981790349
6751000: 1.5894082700755205, 1.2387675177117294, 1.0202127480418117, 1.3143206355704886, 1.189768857319348: 1.19076743966: 0.81015136226615, 1.8362023698241103, 2.9809035305330975, 2.299087981790349, 1.5894082700755205
6781000: 1.2387675177117294, 1.0202127480418117, 1.3143206355704886, 1.189768857319348, 1.2443558108048138: 1.19216451293: 1.8362023698241103, 2.9809035305330975, 2.299087981790349, 1.5894082700755205, 1.2387675177117294
6811000: 1.0202127480418117, 1.3143206355704886, 1.189768857319348, 1.2443558108048138, 1.6288337939121142: 1.3443197744: 2.9809035305330975, 2.299087981790349, 1.5894082700755205, 1.2387675177117294, 1.0202127480418117
6841000: 1.3143206355704886, 1.189768857319348, 1.2443558108048138, 1.6288337939121142, 1.4912814898118139: 1.38855998796: 2.299087981790349, 1.5894082700755205, 1.2387675177117294, 1.0202127480418117, 1.3143206355704886
6871000: 1.189768857319348, 1.2443558108048138, 1.6288337939121142, 1.4912814898118139, 1.5165718960130397: 1.47026074764: 1.5894082700755205, 1.2387675177117294, 1.0202127480418117, 1.3143206355704886, 1.189768857319348
6901000: 1.2443558108048138, 1.6288337939121142, 1.4912814898118139, 1.5165718960130397, 2.074007941890542: 1.67767378041: 1.2387675177117294, 1.0202127480418117, 1.3143206355704886, 1.189768857319348, 1.2443558108048138
6931000: 1.6288337939121142, 1.4912814898118139, 1.5165718960130397, 2.074007941890542, 1.4892129629629627: 1.64276857267: 1.0202127480418117, 1.3143206355704886, 1.189768857319348, 1.2443558108048138, 1.6288337939121142
6961000: 1.4912814898118139, 1.5165718960130397, 2.074007941890542, 1.4892129629629627, 0.4253703703703702: 1.37629079281: 1.3143206355704886, 1.189768857319348, 1.2443558108048138, 1.6288337939121142, 1.4912814898118139
6991000: 1.5165718960130397, 2.074007941890542, 1.4892129629629627, 0.4253703703703702, 1.2339195860566448: 1.30562771532: 1.189768857319348, 1.2443558108048138, 1.6288337939121142, 1.4912814898118139, 1.5165718960130397
7021000: 2.074007941890542, 1.4892129629629627, 0.4253703703703702, 1.2339195860566448, 1.5143379084967314: 1.16571020697: 1.2443558108048138, 1.6288337939121142, 1.4912814898118139, 1.5165718960130397, 2.074007941890542
7051000: 1.4892129629629627, 0.4253703703703702, 1.2339195860566448, 1.5143379084967314, 0.9708437690631808: 1.0361179085: 1.6288337939121142, 1.4912814898118139, 1.5165718960130397, 2.074007941890542, 1.4892129629629627
7081000: 0.4253703703703702, 1.2339195860566448, 1.5143379084967314, 0.9708437690631808, 0.9541477124183007: 1.16831224401: 1.4912814898118139, 1.5165718960130397, 2.074007941890542, 1.4892129629629627, 0.4253703703703702
7111000: 1.2339195860566448, 1.5143379084967314, 0.9708437690631808, 0.9541477124183007, 1.1755741176470589: 1.15372587691: 1.5165718960130397, 2.074007941890542, 1.4892129629629627, 0.4253703703703702, 1.2339195860566448
7141000: 1.5143379084967314, 0.9708437690631808, 0.9541477124183007, 1.1755741176470589, 1.5445370370370373: 1.16127565904: 2.074007941890542, 1.4892129629629627, 0.4253703703703702, 1.2339195860566448, 1.5143379084967314
7171000: 0.9708437690631808, 0.9541477124183007, 1.1755741176470589, 1.5445370370370373, 1.0595866156503368: 1.18346137069: 1.4892129629629627, 0.4253703703703702, 1.2339195860566448, 1.5143379084967314, 0.9708437690631808
7201000: 0.9541477124183007, 1.1755741176470589, 1.5445370370370373, 1.0595866156503368, 0.7659885689913056: 1.13642158483: 0.4253703703703702, 1.2339195860566448, 1.5143379084967314, 0.9708437690631808, 0.9541477124183007
7231000: 1.1755741176470589, 1.5445370370370373, 1.0595866156503368, 0.7659885689913056, 1.4347508422298576: 1.20121576598: 1.2339195860566448, 1.5143379084967314, 0.9708437690631808, 0.9541477124183007, 1.1755741176470589
7261000: 1.5445370370370373, 1.0595866156503368, 0.7659885689913056, 1.4347508422298576, 1.5333836492374722: 1.19842741903: 1.5143379084967314, 0.9708437690631808, 0.9541477124183007, 1.1755741176470589, 1.5445370370370373
7291000: 1.0595866156503368, 0.7659885689913056, 1.4347508422298576, 1.5333836492374722, 0.865513360566449: 1.14990910526: 0.9708437690631808, 0.9541477124183007, 1.1755741176470589, 1.5445370370370373, 1.0595866156503368
7321000: 0.7659885689913056, 1.4347508422298576, 1.5333836492374722, 0.865513360566449, 0.8143232608708734: 1.16199277823: 0.9541477124183007, 1.1755741176470589, 1.5445370370370373, 1.0595866156503368, 0.7659885689913056
7351000: 1.4347508422298576, 1.5333836492374722, 0.865513360566449, 0.8143232608708734, 0.9213637888873066: 1.03364601489: 1.1755741176470589, 1.5445370370370373, 1.0595866156503368, 0.7659885689913056, 1.4347508422298576
7381000: 1.5333836492374722, 0.865513360566449, 0.8143232608708734, 0.9213637888873066, 0.8305746837898538: 0.857943773529: 1.5445370370370373, 1.0595866156503368, 0.7659885689913056, 1.4347508422298576, 1.5333836492374722
7411000: 0.865513360566449, 0.8143232608708734, 0.9213637888873066, 0.8305746837898538, 1.7767592592592594: 1.0857552482: 1.0595866156503368, 0.7659885689913056, 1.4347508422298576, 1.5333836492374722, 0.865513360566449
7441000: 0.8143232608708734, 0.9213637888873066, 0.8305746837898538, 1.7767592592592594, 1.9675925925925928: 1.37407258113: 0.7659885689913056, 1.4347508422298576, 1.5333836492374722, 0.865513360566449, 0.8143232608708734
7471000: 0.9213637888873066, 0.8305746837898538, 1.7767592592592594, 1.9675925925925928, 1.0028802473052865: 1.39445169574: 1.4347508422298576, 1.5333836492374722, 0.865513360566449, 0.8143232608708734, 0.9213637888873066
7501000: 0.8305746837898538, 1.7767592592592594, 1.9675925925925928, 1.0028802473052865, 1.5079875303835488: 1.56380490739: 1.5333836492374722, 0.865513360566449, 0.8143232608708734, 0.9213637888873066, 0.8305746837898538
7531000: 1.7767592592592594, 1.9675925925925928, 1.0028802473052865, 1.5079875303835488, 1.6271334838508051: 1.52639846353: 0.865513360566449, 0.8143232608708734, 0.9213637888873066, 0.8305746837898538, 1.7767592592592594
7561000: 1.9675925925925928, 1.0028802473052865, 1.5079875303835488, 1.6271334838508051, 0.7404227751575686: 1.21960600917: 0.8143232608708734, 0.9213637888873066, 0.8305746837898538, 1.7767592592592594, 1.9675925925925928
7591000: 1.0028802473052865, 1.5079875303835488, 1.6271334838508051, 0.7404227751575686, 0.7873780558665069: 1.16573046131: 0.9213637888873066, 0.8305746837898538, 1.7767592592592594, 1.9675925925925928, 1.0028802473052865
7621000: 1.5079875303835488, 1.6271334838508051, 0.7404227751575686, 0.7873780558665069, 0.7173148148148148: 0.968062282422: 0.8305746837898538, 1.7767592592592594, 1.9675925925925928, 1.0028802473052865, 1.5079875303835488
7651000: 1.6271334838508051, 0.7404227751575686, 0.7873780558665069, 0.7173148148148148, 0.3697685185185184: 0.653721041089: 1.7767592592592594, 1.9675925925925928, 1.0028802473052865, 1.5079875303835488, 1.6271334838508051
7681000: 0.7404227751575686, 0.7873780558665069, 0.7173148148148148, 0.3697685185185184, 0.2841666666666667: 0.539657013967: 1.9675925925925928, 1.0028802473052865, 1.5079875303835488, 1.6271334838508051, 0.7404227751575686
7711000: 0.7873780558665069, 0.7173148148148148, 0.3697685185185184, 0.2841666666666667, 1.430532407407407: 0.700445601852: 1.0028802473052865, 1.5079875303835488, 1.6271334838508051, 0.7404227751575686, 0.7873780558665069
7741000: 0.7173148148148148, 0.3697685185185184, 0.2841666666666667, 1.430532407407407, 2.6486755664488006: 1.18328578976: 1.5079875303835488, 1.6271334838508051, 0.7404227751575686, 0.7873780558665069, 0.7173148148148148
7771000: 0.3697685185185184, 0.2841666666666667, 1.430532407407407, 2.6486755664488006, 1.6872358932461864: 1.51265263344: 1.6271334838508051, 0.7404227751575686, 0.7873780558665069, 0.7173148148148148, 0.3697685185185184
7801000: 0.2841666666666667, 1.430532407407407, 2.6486755664488006, 1.6872358932461864, 0.5501112527233115: 1.57913877996: 0.7404227751575686, 0.7873780558665069, 0.7173148148148148, 0.3697685185185184, 0.2841666666666667
7831000: 1.430532407407407, 2.6486755664488006, 1.6872358932461864, 0.5501112527233115, 0.6178513616557734: 1.37596851852: 0.7873780558665069, 0.7173148148148148, 0.3697685185185184, 0.2841666666666667, 1.430532407407407
7861000: 2.6486755664488006, 1.6872358932461864, 0.5501112527233115, 0.6178513616557734, 0.9257473638344222: 0.945236467865: 0.7173148148148148, 0.3697685185185184, 0.2841666666666667, 1.430532407407407, 2.6486755664488006
7891000: 1.6872358932461864, 0.5501112527233115, 0.6178513616557734, 0.9257473638344222, 1.4665267320261437: 0.89005917756: 0.3697685185185184, 0.2841666666666667, 1.430532407407407, 2.6486755664488006, 1.6872358932461864
7921000: 0.5501112527233115, 0.6178513616557734, 0.9257473638344222, 1.4665267320261437, 1.6129995860566453: 1.15578126089: 0.2841666666666667, 1.430532407407407, 2.6486755664488006, 1.6872358932461864, 0.5501112527233115
7951000: 0.6178513616557734, 0.9257473638344222, 1.4665267320261437, 1.6129995860566453, 1.0275633006535947: 1.25820924564: 1.430532407407407, 2.6486755664488006, 1.6872358932461864, 0.5501112527233115, 0.6178513616557734
7981000: 0.9257473638344222, 1.4665267320261437, 1.6129995860566453, 1.0275633006535947, 1.2517592592592592: 1.3397122195: 2.6486755664488006, 1.6872358932461864, 0.5501112527233115, 0.6178513616557734, 0.9257473638344222
8011000: 1.4665267320261437, 1.6129995860566453, 1.0275633006535947, 1.2517592592592592, 1.0775623332063506: 1.24247111979: 1.6872358932461864, 0.5501112527233115, 0.6178513616557734, 0.9257473638344222, 1.4665267320261437
8041000: 1.6129995860566453, 1.0275633006535947, 1.2517592592592592, 1.0775623332063506, 0.8823872853425464: 1.05981804462: 0.5501112527233115, 0.6178513616557734, 0.9257473638344222, 1.4665267320261437, 1.6129995860566453
8071000: 1.0275633006535947, 1.2517592592592592, 1.0775623332063506, 0.8823872853425464, 0.7692693965806405: 0.995244568597: 0.6178513616557734, 0.9257473638344222, 1.4665267320261437, 1.6129995860566453, 1.0275633006535947
8101000: 1.2517592592592592, 1.0775623332063506, 0.8823872853425464, 0.7692693965806405, 0.15953703703703698: 0.722189013042: 0.9257473638344222, 1.4665267320261437, 1.6129995860566453, 1.0275633006535947, 1.2517592592592592
8131000: 1.0775623332063506, 0.8823872853425464, 0.7692693965806405, 0.15953703703703698, 0.45311955882352944: 0.566078319446: 1.4665267320261437, 1.6129995860566453, 1.0275633006535947, 1.2517592592592592, 1.0775623332063506
8161000: 0.8823872853425464, 0.7692693965806405, 0.15953703703703698, 0.45311955882352944, 0.7270308687363833: 0.527239215294: 1.6129995860566453, 1.0275633006535947, 1.2517592592592592, 1.0775623332063506, 0.8823872853425464
8191000: 0.7692693965806405, 0.15953703703703698, 0.45311955882352944, 0.7270308687363833, 1.6921057543572986: 0.757948304739: 1.0275633006535947, 1.2517592592592592, 1.0775623332063506, 0.8823872853425464, 0.7692693965806405
8221000: 0.15953703703703698, 0.45311955882352944, 0.7270308687363833, 1.6921057543572986, 2.384953703703703: 1.31430247141: 1.2517592592592592, 1.0775623332063506, 0.8823872853425464, 0.7692693965806405, 0.15953703703703698
8251000: 0.45311955882352944, 0.7270308687363833, 1.6921057543572986, 2.384953703703703, 1.2105555555555554: 1.50366147059: 1.0775623332063506, 0.8823872853425464, 0.7692693965806405, 0.15953703703703698, 0.45311955882352944
8281000: 0.7270308687363833, 1.6921057543572986, 2.384953703703703, 1.2105555555555554, 0.6640845588235292: 1.48792489311: 0.8823872853425464, 0.7692693965806405, 0.15953703703703698, 0.45311955882352944, 0.7270308687363833
8311000: 1.6921057543572986, 2.384953703703703, 1.2105555555555554, 0.6640845588235292, 0.6266977668845312: 1.22157289624: 0.7692693965806405, 0.15953703703703698, 0.45311955882352944, 0.7270308687363833, 1.6921057543572986
8341000: 2.384953703703703, 1.2105555555555554, 0.6640845588235292, 0.6266977668845312, 0.36664214052287575: 0.716995005447: 0.15953703703703698, 0.45311955882352944, 0.7270308687363833, 1.6921057543572986, 2.384953703703703
8371000: 1.2105555555555554, 0.6640845588235292, 0.6266977668845312, 0.36664214052287575, 0.5512405228758172: 0.552166247277: 0.45311955882352944, 0.7270308687363833, 1.6921057543572986, 2.384953703703703, 1.2105555555555554
8401000: 0.6640845588235292, 0.6266977668845312, 0.36664214052287575, 0.5512405228758172, 0.814156034858388: 0.589684116285: 0.7270308687363833, 1.6921057543572986, 2.384953703703703, 1.2105555555555554, 0.6640845588235292
8431000: 0.6266977668845312, 0.36664214052287575, 0.5512405228758172, 0.814156034858388, 0.6444444444444443: 0.594120785675: 1.6921057543572986, 2.384953703703703, 1.2105555555555554, 0.6640845588235292, 0.6266977668845312
8461000: 0.36664214052287575, 0.5512405228758172, 0.814156034858388, 0.6444444444444443, 1.5029629629629635: 0.878200991285: 2.384953703703703, 1.2105555555555554, 0.6640845588235292, 0.6266977668845312, 0.36664214052287575
8491000: 0.5512405228758172, 0.814156034858388, 0.6444444444444443, 1.5029629629629635, 3.470848517760618: 1.60810299001: 1.2105555555555554, 0.6640845588235292, 0.6266977668845312, 0.36664214052287575, 0.5512405228758172
8521000: 0.814156034858388, 0.6444444444444443, 1.5029629629629635, 3.470848517760618, 2.9381074510918084: 2.13909084406: 0.6640845588235292, 0.6266977668845312, 0.36664214052287575, 0.5512405228758172, 0.814156034858388
8551000: 0.6444444444444443, 1.5029629629629635, 3.470848517760618, 2.9381074510918084, 1.174481155553412: 2.27160002184: 0.6266977668845312, 0.36664214052287575, 0.5512405228758172, 0.814156034858388, 0.6444444444444443
8581000: 1.5029629629629635, 3.470848517760618, 2.9381074510918084, 1.174481155553412, 0.668888888888889: 2.06308150332: 0.36664214052287575, 0.5512405228758172, 0.814156034858388, 0.6444444444444443, 1.5029629629629635
8611000: 3.470848517760618, 2.9381074510918084, 1.174481155553412, 0.668888888888889, 0.6450925925925924: 1.35664252203: 0.5512405228758172, 0.814156034858388, 0.6444444444444443, 1.5029629629629635, 3.470848517760618
8641000: 2.9381074510918084, 1.174481155553412, 0.668888888888889, 0.6450925925925924, 0.8079880263560515: 0.824112665848: 0.814156034858388, 0.6444444444444443, 1.5029629629629635, 3.470848517760618, 2.9381074510918084
8671000: 1.174481155553412, 0.668888888888889, 0.6450925925925924, 0.8079880263560515, 1.2699407291055052: 0.847977559236: 0.6444444444444443, 1.5029629629629635, 3.470848517760618, 2.9381074510918084, 1.174481155553412
8701000: 0.668888888888889, 0.6450925925925924, 0.8079880263560515, 1.2699407291055052, 1.0690428607015234: 0.948016052189: 1.5029629629629635, 3.470848517760618, 2.9381074510918084, 1.174481155553412, 0.668888888888889
8731000: 0.6450925925925924, 0.8079880263560515, 1.2699407291055052, 1.0690428607015234, 0.4414420098039216: 0.897103406492: 3.470848517760618, 2.9381074510918084, 1.174481155553412, 0.668888888888889, 0.6450925925925924
8761000: 0.8079880263560515, 1.2699407291055052, 1.0690428607015234, 0.4414420098039216, 0.9257407407407405: 0.926541585088: 2.9381074510918084, 1.174481155553412, 0.668888888888889, 0.6450925925925924, 0.8079880263560515
8791000: 1.2699407291055052, 1.0690428607015234, 0.4414420098039216, 0.9257407407407405, 1.0494444444444444: 0.871417513923: 1.174481155553412, 0.668888888888889, 0.6450925925925924, 0.8079880263560515, 1.2699407291055052
8821000: 1.0690428607015234, 0.4414420098039216, 0.9257407407407405, 1.0494444444444444, 0.38870370370370366: 0.701332724673: 0.668888888888889, 0.6450925925925924, 0.8079880263560515, 1.2699407291055052, 1.0690428607015234
8851000: 0.4414420098039216, 0.9257407407407405, 1.0494444444444444, 0.38870370370370366, 0.8636909957435158: 0.806894971158: 0.6450925925925924, 0.8079880263560515, 1.2699407291055052, 1.0690428607015234, 0.4414420098039216
8881000: 0.9257407407407405, 1.0494444444444444, 0.38870370370370366, 0.8636909957435158, 1.5278862481997277: 0.957431348023: 0.8079880263560515, 1.2699407291055052, 1.0690428607015234, 0.4414420098039216, 0.9257407407407405
8911000: 1.0494444444444444, 0.38870370370370366, 0.8636909957435158, 1.5278862481997277, 1.1405843078140654: 0.980216313865: 1.2699407291055052, 1.0690428607015234, 0.4414420098039216, 0.9257407407407405, 1.0494444444444444
8941000: 0.38870370370370366, 0.8636909957435158, 1.5278862481997277, 1.1405843078140654, 1.0542348995844333: 1.14659911284: 1.0690428607015234, 0.4414420098039216, 0.9257407407407405, 1.0494444444444444, 0.38870370370370366
8971000: 0.8636909957435158, 1.5278862481997277, 1.1405843078140654, 1.0542348995844333, 1.0917903594771239: 1.20362395377: 0.4414420098039216, 0.9257407407407405, 1.0494444444444444, 0.38870370370370366, 0.8636909957435158
9001000: 1.5278862481997277, 1.1405843078140654, 1.0542348995844333, 1.0917903594771239, 0.5653980172936427: 0.963001896042: 0.9257407407407405, 1.0494444444444444, 0.38870370370370366, 0.8636909957435158, 1.5278862481997277
9031000: 1.1405843078140654, 1.0542348995844333, 1.0917903594771239, 0.5653980172936427, 0.4435381071340394: 0.788740345872: 1.0494444444444444, 0.38870370370370366, 0.8636909957435158, 1.5278862481997277, 1.1405843078140654
9061000: 1.0542348995844333, 1.0917903594771239, 0.5653980172936427, 0.4435381071340394, 0.5083419798186104: 0.652267115931: 0.38870370370370366, 0.8636909957435158, 1.5278862481997277, 1.1405843078140654, 1.0542348995844333
9091000: 1.0917903594771239, 0.5653980172936427, 0.4435381071340394, 0.5083419798186104, 0.20459070806100219: 0.430467203077: 0.8636909957435158, 1.5278862481997277, 1.1405843078140654, 1.0542348995844333, 1.0917903594771239
9121000: 0.5653980172936427, 0.4435381071340394, 0.5083419798186104, 0.20459070806100219, 0.20814941665496958: 0.341155052917: 1.5278862481997277, 1.1405843078140654, 1.0542348995844333, 1.0917903594771239, 0.5653980172936427
9151000: 0.4435381071340394, 0.5083419798186104, 0.20459070806100219, 0.20814941665496958, 0.8484133335141306: 0.442373859512: 1.1405843078140654, 1.0542348995844333, 1.0917903594771239, 0.5653980172936427, 0.4435381071340394
9181000: 0.5083419798186104, 0.20459070806100219, 0.20814941665496958, 0.8484133335141306, 1.0131793774273106: 0.568583208914: 1.0542348995844333, 1.0917903594771239, 0.5653980172936427, 0.4435381071340394, 0.5083419798186104
9211000: 0.20459070806100219, 0.20814941665496958, 0.8484133335141306, 1.0131793774273106, 0.8365105929531088: 0.726563180137: 1.0917903594771239, 0.5653980172936427, 0.4435381071340394, 0.5083419798186104, 0.20459070806100219
9241000: 0.20814941665496958, 0.8484133335141306, 1.0131793774273106, 0.8365105929531088, 1.13192898439338: 0.957508072072: 0.5653980172936427, 0.4435381071340394, 0.5083419798186104, 0.20459070806100219, 0.20814941665496958
9271000: 0.8484133335141306, 1.0131793774273106, 0.8365105929531088, 1.13192898439338, 2.022039357287051: 1.25091457802: 0.4435381071340394, 0.5083419798186104, 0.20459070806100219, 0.20814941665496958, 0.8484133335141306
9301000: 1.0131793774273106, 0.8365105929531088, 1.13192898439338, 2.022039357287051, 1.9069939566763598: 1.47436822283: 0.5083419798186104, 0.20459070806100219, 0.20814941665496958, 0.8484133335141306, 1.0131793774273106
9331000: 0.8365105929531088, 1.13192898439338, 2.022039357287051, 1.9069939566763598, 0.6532421551014335: 1.42855111336: 0.20459070806100219, 0.20814941665496958, 0.8484133335141306, 1.0131793774273106, 0.8365105929531088
9361000: 1.13192898439338, 2.022039357287051, 1.9069939566763598, 0.6532421551014335, 0.6670043845315905: 1.3123199634: 0.20814941665496958, 0.8484133335141306, 1.0131793774273106, 0.8365105929531088, 1.13192898439338
9391000: 2.022039357287051, 1.9069939566763598, 0.6532421551014335, 0.6670043845315905, 1.1963020152505448: 1.10588562789: 0.8484133335141306, 1.0131793774273106, 0.8365105929531088, 1.13192898439338, 2.022039357287051
9421000: 1.9069939566763598, 0.6532421551014335, 0.6670043845315905, 1.1963020152505448, 0.9993439270152504: 0.878973120475: 1.0131793774273106, 0.8365105929531088, 1.13192898439338, 2.022039357287051, 1.9069939566763598
9451000: 0.6532421551014335, 0.6670043845315905, 1.1963020152505448, 0.9993439270152504, 0.6411111111111112: 0.875940359477: 0.8365105929531088, 1.13192898439338, 2.022039357287051, 1.9069939566763598, 0.6532421551014335
9481000: 0.6670043845315905, 1.1963020152505448, 0.9993439270152504, 0.6411111111111112, 0.8652542047930284: 0.925502814542: 1.13192898439338, 2.022039357287051, 1.9069939566763598, 0.6532421551014335, 0.6670043845315905
9511000: 1.1963020152505448, 0.9993439270152504, 0.6411111111111112, 0.8652542047930284, 0.8826294117647058: 0.847084663671: 2.022039357287051, 1.9069939566763598, 0.6532421551014335, 0.6670043845315905, 1.1963020152505448
9541000: 0.9993439270152504, 0.6411111111111112, 0.8652542047930284, 0.8826294117647058, 0.6542270588235294: 0.760805446623: 1.9069939566763598, 0.6532421551014335, 0.6670043845315905, 1.1963020152505448, 0.9993439270152504
9571000: 0.6411111111111112, 0.8652542047930284, 0.8826294117647058, 0.6542270588235294, 0.6616666666666668: 0.765944335512: 0.6532421551014335, 0.6670043845315905, 1.1963020152505448, 0.9993439270152504, 0.6411111111111112
9601000: 0.8652542047930284, 0.8826294117647058, 0.6542270588235294, 0.6616666666666668, 0.5273871969932751: 0.681477583562: 0.6670043845315905, 1.1963020152505448, 0.9993439270152504, 0.6411111111111112, 0.8652542047930284
9631000: 0.8826294117647058, 0.6542270588235294, 0.6616666666666668, 0.5273871969932751, 0.5636979293850145: 0.601744712967: 1.1963020152505448, 0.9993439270152504, 0.6411111111111112, 0.8652542047930284, 0.8826294117647058
9661000: 0.6542270588235294, 0.6616666666666668, 0.5273871969932751, 0.5636979293850145, 0.758872795223344: 0.627906147067: 0.9993439270152504, 0.6411111111111112, 0.8652542047930284, 0.8826294117647058, 0.6542270588235294
9691000: 0.6616666666666668, 0.5273871969932751, 0.5636979293850145, 0.758872795223344, 0.8384191273378729: 0.672094262235: 0.6411111111111112, 0.8652542047930284, 0.8826294117647058, 0.6542270588235294, 0.6616666666666668
9721000: 0.5273871969932751, 0.5636979293850145, 0.758872795223344, 0.8384191273378729, 0.6216068705288952: 0.695649180619: 0.8652542047930284, 0.8826294117647058, 0.6542270588235294, 0.6616666666666668, 0.5273871969932751
9751000: 0.5636979293850145, 0.758872795223344, 0.8384191273378729, 0.6216068705288952, 0.37410108156730437: 0.648249968664: 0.8826294117647058, 0.6542270588235294, 0.6616666666666668, 0.5273871969932751, 0.5636979293850145
9781000: 0.758872795223344, 0.8384191273378729, 0.6216068705288952, 0.37410108156730437, 0.68700931666654: 0.630284099025: 0.6542270588235294, 0.6616666666666668, 0.5273871969932751, 0.5636979293850145, 0.758872795223344
9811000: 0.8384191273378729, 0.6216068705288952, 0.37410108156730437, 0.68700931666654, 0.5421529394261476: 0.556217552047: 0.6616666666666668, 0.5273871969932751, 0.5636979293850145, 0.758872795223344, 0.8384191273378729
9841000: 0.6216068705288952, 0.37410108156730437, 0.68700931666654, 0.5421529394261476, 0.7281815999680725: 0.582861234407: 0.5273871969932751, 0.5636979293850145, 0.758872795223344, 0.8384191273378729, 0.6216068705288952
9871000: 0.37410108156730437, 0.68700931666654, 0.5421529394261476, 0.7281815999680725, 1.7047037319915366: 0.915511897013: 0.5636979293850145, 0.758872795223344, 0.8384191273378729, 0.6216068705288952, 0.37410108156730437
9901000: 0.68700931666654, 0.5421529394261476, 0.7281815999680725, 1.7047037319915366, 1.2161521660613948: 1.04779760936: 0.758872795223344, 0.8384191273378729, 0.6216068705288952, 0.37410108156730437, 0.68700931666654
9931000: 0.5421529394261476, 0.7281815999680725, 1.7047037319915366, 1.2161521660613948, 0.27912077477867103: 0.9820395682: 0.8384191273378729, 0.6216068705288952, 0.37410108156730437, 0.68700931666654, 0.5421529394261476
9961000: 0.7281815999680725, 1.7047037319915366, 1.2161521660613948, 0.27912077477867103, 0.7210960830693879: 0.980268188975: 0.6216068705288952, 0.37410108156730437, 0.68700931666654, 0.5421529394261476, 0.7281815999680725
9991000: 1.7047037319915366, 1.2161521660613948, 0.27912077477867103, 0.7210960830693879, 1.8900985546265094: 1.02661689463: 0.37410108156730437, 0.68700931666654, 0.5421529394261476, 0.7281815999680725, 1.7047037319915366
10021000: 1.2161521660613948, 0.27912077477867103, 0.7210960830693879, 1.8900985546265094, 1.5570626831217542: 1.1118445239: 0.68700931666654, 0.5421529394261476, 0.7281815999680725, 1.7047037319915366, 1.2161521660613948
10051000: 0.27912077477867103, 0.7210960830693879, 1.8900985546265094, 1.5570626831217542, 0.7382052405573579: 1.22661564034: 0.5421529394261476, 0.7281815999680725, 1.7047037319915366, 1.2161521660613948, 0.27912077477867103
10081000: 0.7210960830693879, 1.8900985546265094, 1.5570626831217542, 0.7382052405573579, 0.5531747334315097: 1.18463530293: 0.7281815999680725, 1.7047037319915366, 1.2161521660613948, 0.27912077477867103, 0.7210960830693879
10111000: 1.8900985546265094, 1.5570626831217542, 0.7382052405573579, 0.5531747334315097, 0.17040303280706035: 0.754711422479: 1.7047037319915366, 1.2161521660613948, 0.27912077477867103, 0.7210960830693879, 1.8900985546265094
10141000: 1.5570626831217542, 0.7382052405573579, 0.5531747334315097, 0.17040303280706035, 0.5776676067034874: 0.509862653375: 1.2161521660613948, 0.27912077477867103, 0.7210960830693879, 1.8900985546265094, 1.5570626831217542
10171000: 0.7382052405573579, 0.5531747334315097, 0.17040303280706035, 0.5776676067034874, 0.7458807714374248: 0.511781536095: 0.27912077477867103, 0.7210960830693879, 1.8900985546265094, 1.5570626831217542, 0.7382052405573579
10201000: 0.5531747334315097, 0.17040303280706035, 0.5776676067034874, 0.7458807714374248, 0.3179263034283094: 0.452969428594: 0.7210960830693879, 1.8900985546265094, 1.5570626831217542, 0.7382052405573579, 0.5531747334315097
10231000: 0.17040303280706035, 0.5776676067034874, 0.7458807714374248, 0.3179263034283094, 0.21308987864594747: 0.463641140054: 1.8900985546265094, 1.5570626831217542, 0.7382052405573579, 0.5531747334315097, 0.17040303280706035
10261000: 0.5776676067034874, 0.7458807714374248, 0.3179263034283094, 0.21308987864594747, 0.24308755921672767: 0.379996128182: 1.5570626831217542, 0.7382052405573579, 0.5531747334315097, 0.17040303280706035, 0.5776676067034874
10291000: 0.7458807714374248, 0.3179263034283094, 0.21308987864594747, 0.24308755921672767, 0.3067592592592592: 0.270215750138: 0.7382052405573579, 0.5531747334315097, 0.17040303280706035, 0.5776676067034874, 0.7458807714374248
10321000: 0.3179263034283094, 0.21308987864594747, 0.24308755921672767, 0.3067592592592592, 0.5394444444444445: 0.325595285392: 0.5531747334315097, 0.17040303280706035, 0.5776676067034874, 0.7458807714374248, 0.3179263034283094
10351000: 0.21308987864594747, 0.24308755921672767, 0.3067592592592592, 0.5394444444444445, 0.7873148148148146: 0.469151519434: 0.17040303280706035, 0.5776676067034874, 0.7458807714374248, 0.3179263034283094, 0.21308987864594747
10381000: 0.24308755921672767, 0.3067592592592592, 0.5394444444444445, 0.7873148148148146, 0.6109939923747277: 0.561128127723: 0.5776676067034874, 0.7458807714374248, 0.3179263034283094, 0.21308987864594747, 0.24308755921672767
10411000: 0.3067592592592592, 0.5394444444444445, 0.7873148148148146, 0.6109939923747277, 0.3815125816993464: 0.579816458333: 0.7458807714374248, 0.3179263034283094, 0.21308987864594747, 0.24308755921672767, 0.3067592592592592
10441000: 0.5394444444444445, 0.7873148148148146, 0.6109939923747277, 0.3815125816993464, 0.541444515250545: 0.580316476035: 0.3179263034283094, 0.21308987864594747, 0.24308755921672767, 0.3067592592592592, 0.5394444444444445
10471000: 0.7873148148148146, 0.6109939923747277, 0.3815125816993464, 0.541444515250545, 0.4364814814814816: 0.492608142702: 0.21308987864594747, 0.24308755921672767, 0.3067592592592592, 0.5394444444444445, 0.7873148148148146
10501000: 0.6109939923747277, 0.3815125816993464, 0.541444515250545, 0.4364814814814816, 0.6787602832244006: 0.509549715414: 0.24308755921672767, 0.3067592592592592, 0.5394444444444445, 0.7873148148148146, 0.6109939923747277
10531000: 0.3815125816993464, 0.541444515250545, 0.4364814814814816, 0.6787602832244006, 0.684952450980392: 0.585409682734: 0.3067592592592592, 0.5394444444444445, 0.7873148148148146, 0.6109939923747277, 0.3815125816993464
10561000: 0.541444515250545, 0.4364814814814816, 0.6787602832244006, 0.684952450980392, 0.2622307392904298: 0.515606238744: 0.5394444444444445, 0.7873148148148146, 0.6109939923747277, 0.3815125816993464, 0.541444515250545
10591000: 0.4364814814814816, 0.6787602832244006, 0.684952450980392, 0.2622307392904298, 1.2837120213178053: 0.727413873703: 0.7873148148148146, 0.6109939923747277, 0.3815125816993464, 0.541444515250545, 0.4364814814814816
10621000: 0.6787602832244006, 0.684952450980392, 0.2622307392904298, 1.2837120213178053, 1.7574046101300502: 0.99707495543: 0.6109939923747277, 0.3815125816993464, 0.541444515250545, 0.4364814814814816, 0.6787602832244006
10651000: 0.684952450980392, 0.2622307392904298, 1.2837120213178053, 1.7574046101300502, 0.9954209592313458: 1.07469208249: 0.3815125816993464, 0.541444515250545, 0.4364814814814816, 0.6787602832244006, 0.684952450980392
10681000: 0.2622307392904298, 1.2837120213178053, 1.7574046101300502, 0.9954209592313458, 0.7043047310146148: 1.18521058042: 0.541444515250545, 0.4364814814814816, 0.6787602832244006, 0.684952450980392, 0.2622307392904298
10711000: 1.2837120213178053, 1.7574046101300502, 0.9954209592313458, 0.7043047310146148, 0.39378111525329806: 0.962727853907: 0.4364814814814816, 0.6787602832244006, 0.684952450980392, 0.2622307392904298, 1.2837120213178053
10741000: 1.7574046101300502, 0.9954209592313458, 0.7043047310146148, 0.39378111525329806, 0.39063067893520714: 0.621034371109: 0.6787602832244006, 0.684952450980392, 0.2622307392904298, 1.2837120213178053, 1.7574046101300502
10771000: 0.9954209592313458, 0.7043047310146148, 0.39378111525329806, 0.39063067893520714, 0.8204532235179606: 0.57729243718: 0.684952450980392, 0.2622307392904298, 1.2837120213178053, 1.7574046101300502, 0.9954209592313458
10801000: 0.7043047310146148, 0.39378111525329806, 0.39063067893520714, 0.8204532235179606, 0.5113250404307264: 0.529047514534: 0.2622307392904298, 1.2837120213178053, 1.7574046101300502, 0.9954209592313458, 0.7043047310146148
10831000: 0.39378111525329806, 0.39063067893520714, 0.8204532235179606, 0.5113250404307264, 0.762771477305434: 0.621295105047: 1.2837120213178053, 1.7574046101300502, 0.9954209592313458, 0.7043047310146148, 0.39378111525329806
10861000: 0.39063067893520714, 0.8204532235179606, 0.5113250404307264, 0.762771477305434, 1.442396875823024: 0.884236654269: 1.7574046101300502, 0.9954209592313458, 0.7043047310146148, 0.39378111525329806, 0.39063067893520714
10891000: 0.8204532235179606, 0.5113250404307264, 0.762771477305434, 1.442396875823024, 0.8600881881009418: 0.894145395415: 0.9954209592313458, 0.7043047310146148, 0.39378111525329806, 0.39063067893520714, 0.8204532235179606
10921000: 0.5113250404307264, 0.762771477305434, 1.442396875823024, 0.8600881881009418, 0.6104227731550207: 0.918919828596: 0.7043047310146148, 0.39378111525329806, 0.39063067893520714, 0.8204532235179606, 0.5113250404307264
10951000: 0.762771477305434, 1.442396875823024, 0.8600881881009418, 0.6104227731550207, 1.0000925925925928: 0.978250107418: 0.39378111525329806, 0.39063067893520714, 0.8204532235179606, 0.5113250404307264, 0.762771477305434
10981000: 1.442396875823024, 0.8600881881009418, 0.6104227731550207, 1.0000925925925928, 0.8993518518518518: 0.842488851425: 0.39063067893520714, 0.8204532235179606, 0.5113250404307264, 0.762771477305434, 1.442396875823024
11011000: 0.8600881881009418, 0.6104227731550207, 1.0000925925925928, 0.8993518518518518, 0.8310185185185187: 0.835221434029: 0.8204532235179606, 0.5113250404307264, 0.762771477305434, 1.442396875823024, 0.8600881881009418
11041000: 0.6104227731550207, 1.0000925925925928, 0.8993518518518518, 0.8310185185185187, 0.9850925925925924: 0.928888888889: 0.5113250404307264, 0.762771477305434, 1.442396875823024, 0.8600881881009418, 0.6104227731550207
11071000: 1.0000925925925928, 0.8993518518518518, 0.8310185185185187, 0.9850925925925924, 0.8001471057872929: 0.878902517188: 0.762771477305434, 1.442396875823024, 0.8600881881009418, 0.6104227731550207, 1.0000925925925928
11101000: 0.8993518518518518, 0.8310185185185187, 0.9850925925925924, 0.8001471057872929, 0.5102124988099626: 0.781617678927: 1.442396875823024, 0.8600881881009418, 0.6104227731550207, 1.0000925925925928, 0.8993518518518518
11131000: 0.8310185185185187, 0.9850925925925924, 0.8001471057872929, 0.5102124988099626, 0.79293576339304: 0.772096990146: 0.8600881881009418, 0.6104227731550207, 1.0000925925925928, 0.8993518518518518, 0.8310185185185187
11161000: 0.9850925925925924, 0.8001471057872929, 0.5102124988099626, 0.79293576339304, 1.257922636165577: 0.840304501039: 0.6104227731550207, 1.0000925925925928, 0.8993518518518518, 0.8310185185185187, 0.9850925925925924
11191000: 0.8001471057872929, 0.5102124988099626, 0.79293576339304, 1.257922636165577, 0.8720554506513144: 0.858281587255: 1.0000925925925928, 0.8993518518518518, 0.8310185185185187, 0.9850925925925924, 0.8001471057872929
11221000: 0.5102124988099626, 0.79293576339304, 1.257922636165577, 0.8720554506513144, 0.3802902288509799: 0.825801019765: 0.8993518518518518, 0.8310185185185187, 0.9850925925925924, 0.8001471057872929, 0.5102124988099626
11251000: 0.79293576339304, 1.257922636165577, 0.8720554506513144, 0.3802902288509799, 0.6087480516201452: 0.779754091822: 0.8310185185185187, 0.9850925925925924, 0.8001471057872929, 0.5102124988099626, 0.79293576339304
11281000: 1.257922636165577, 0.8720554506513144, 0.3802902288509799, 0.6087480516201452, 0.45938295206971674: 0.580119170798: 0.9850925925925924, 0.8001471057872929, 0.5102124988099626, 0.79293576339304, 1.257922636165577
11311000: 0.8720554506513144, 0.3802902288509799, 0.6087480516201452, 0.45938295206971674, 0.562255277777778: 0.50266912758: 0.8001471057872929, 0.5102124988099626, 0.79293576339304, 1.257922636165577, 0.8720554506513144
11341000: 0.3802902288509799, 0.6087480516201452, 0.45938295206971674, 0.562255277777778, 0.6955555555555558: 0.581485459256: 0.5102124988099626, 0.79293576339304, 1.257922636165577, 0.8720554506513144, 0.3802902288509799
11371000: 0.6087480516201452, 0.45938295206971674, 0.562255277777778, 0.6955555555555558, 0.21018518518518522: 0.481844742647: 0.79293576339304, 1.257922636165577, 0.8720554506513144, 0.3802902288509799, 0.6087480516201452
11401000: 0.45938295206971674, 0.562255277777778, 0.6955555555555558, 0.21018518518518522, 0.2244444444444444: 0.423110115741: 1.257922636165577, 0.8720554506513144, 0.3802902288509799, 0.6087480516201452, 0.45938295206971674
11431000: 0.562255277777778, 0.6955555555555558, 0.21018518518518522, 0.2244444444444444, 0.4305555555555554: 0.390185185185: 0.8720554506513144, 0.3802902288509799, 0.6087480516201452, 0.45938295206971674, 0.562255277777778
11461000: 0.6955555555555558, 0.21018518518518522, 0.2244444444444444, 0.4305555555555554, 0.2261111111111111: 0.272824074074: 0.3802902288509799, 0.6087480516201452, 0.45938295206971674, 0.562255277777778, 0.6955555555555558
11491000: 0.21018518518518522, 0.2244444444444444, 0.4305555555555554, 0.2261111111111111, 0.21764924557840676: 0.274690089172: 0.6087480516201452, 0.45938295206971674, 0.562255277777778, 0.6955555555555558, 0.21018518518518522
11521000: 0.2244444444444444, 0.4305555555555554, 0.2261111111111111, 0.21764924557840676, 0.29253071217306953: 0.291711656105: 0.45938295206971674, 0.562255277777778, 0.6955555555555558, 0.21018518518518522, 0.2244444444444444
11551000: 0.4305555555555554, 0.2261111111111111, 0.21764924557840676, 0.29253071217306953, 0.461005651968098: 0.299324180208: 0.562255277777778, 0.6955555555555558, 0.21018518518518522, 0.2244444444444444, 0.4305555555555554
11581000: 0.2261111111111111, 0.21764924557840676, 0.29253071217306953, 0.461005651968098, 0.4010279747632878: 0.343053396121: 0.6955555555555558, 0.21018518518518522, 0.2244444444444444, 0.4305555555555554, 0.2261111111111111
11611000: 0.21764924557840676, 0.29253071217306953, 0.461005651968098, 0.4010279747632878, 0.2399291981498586: 0.348623384264: 0.21018518518518522, 0.2244444444444444, 0.4305555555555554, 0.2261111111111111, 0.21764924557840676
11641000: 0.29253071217306953, 0.461005651968098, 0.4010279747632878, 0.2399291981498586, 0.41246498837974477: 0.378606953315: 0.2244444444444444, 0.4305555555555554, 0.2261111111111111, 0.21764924557840676, 0.29253071217306953
11671000: 0.461005651968098, 0.4010279747632878, 0.2399291981498586, 0.41246498837974477, 0.31155988341456137: 0.341245511177: 0.4305555555555554, 0.2261111111111111, 0.21764924557840676, 0.29253071217306953, 0.461005651968098
11701000: 0.4010279747632878, 0.2399291981498586, 0.41246498837974477, 0.31155988341456137, 0.48276883501652706: 0.36168072624: 0.2261111111111111, 0.21764924557840676, 0.29253071217306953, 0.461005651968098, 0.4010279747632878
11731000: 0.2399291981498586, 0.41246498837974477, 0.31155988341456137, 0.48276883501652706, 0.7276434336172198: 0.483609285107: 0.21764924557840676, 0.29253071217306953, 0.461005651968098, 0.4010279747632878, 0.2399291981498586
11761000: 0.41246498837974477, 0.31155988341456137, 0.48276883501652706, 0.7276434336172198, 0.8532101655520893: 0.5937955794: 0.29253071217306953, 0.461005651968098, 0.4010279747632878, 0.2399291981498586, 0.41246498837974477
11791000: 0.31155988341456137, 0.48276883501652706, 0.7276434336172198, 0.8532101655520893, 0.8761914277573258: 0.734953465486: 0.461005651968098, 0.4010279747632878, 0.2399291981498586, 0.41246498837974477, 0.31155988341456137
11821000: 0.48276883501652706, 0.7276434336172198, 0.8532101655520893, 0.8761914277573258, 0.4220466874765679: 0.719772928601: 0.4010279747632878, 0.2399291981498586, 0.41246498837974477, 0.31155988341456137, 0.48276883501652706
11851000: 0.7276434336172198, 0.8532101655520893, 0.8761914277573258, 0.4220466874765679, 0.3667356862745098: 0.629545991765: 0.2399291981498586, 0.41246498837974477, 0.31155988341456137, 0.48276883501652706, 0.7276434336172198
11881000: 0.8532101655520893, 0.8761914277573258, 0.4220466874765679, 0.3667356862745098, 0.42343736383442265: 0.522102791336: 0.41246498837974477, 0.31155988341456137, 0.48276883501652706, 0.7276434336172198, 0.8532101655520893
11911000: 0.8761914277573258, 0.4220466874765679, 0.3667356862745098, 0.42343736383442265, 0.186957385620915: 0.349794280802: 0.31155988341456137, 0.48276883501652706, 0.7276434336172198, 0.8532101655520893, 0.8761914277573258
11941000: 0.4220466874765679, 0.3667356862745098, 0.42343736383442265, 0.186957385620915, 0.7752273202614379: 0.438089438998: 0.48276883501652706, 0.7276434336172198, 0.8532101655520893, 0.8761914277573258, 0.4220466874765679
11971000: 0.3667356862745098, 0.42343736383442265, 0.186957385620915, 0.7752273202614379, 0.9171664488017429: 0.57569712963: 0.7276434336172198, 0.8532101655520893, 0.8761914277573258, 0.4220466874765679, 0.3667356862745098
12001000: 0.42343736383442265, 0.186957385620915, 0.7752273202614379, 0.9171664488017429, 0.4769391285403049: 0.589072570806: 0.8532101655520893, 0.8761914277573258, 0.4220466874765679, 0.3667356862745098, 0.42343736383442265
12031000: 0.186957385620915, 0.7752273202614379, 0.9171664488017429, 0.4769391285403049, 0.848611111111111: 0.754486002179: 0.8761914277573258, 0.4220466874765679, 0.3667356862745098, 0.42343736383442265, 0.186957385620915
12061000: 0.7752273202614379, 0.9171664488017429, 0.4769391285403049, 0.848611111111111, 0.7681481481481481: 0.75271620915: 0.4220466874765679, 0.3667356862745098, 0.42343736383442265, 0.186957385620915, 0.7752273202614379
12091000: 0.9171664488017429, 0.4769391285403049, 0.848611111111111, 0.7681481481481481, 0.17638888888888876: 0.567521819172: 0.3667356862745098, 0.42343736383442265, 0.186957385620915, 0.7752273202614379, 0.9171664488017429
12121000: 0.4769391285403049, 0.848611111111111, 0.7681481481481481, 0.17638888888888876, 0.2452167224945533: 0.509591217661: 0.42343736383442265, 0.186957385620915, 0.7752273202614379, 0.9171664488017429, 0.4769391285403049
12151000: 0.848611111111111, 0.7681481481481481, 0.17638888888888876, 0.2452167224945533, 0.6434625697283707: 0.458304082315: 0.186957385620915, 0.7752273202614379, 0.9171664488017429, 0.4769391285403049, 0.848611111111111
12181000: 0.7681481481481481, 0.17638888888888876, 0.2452167224945533, 0.6434625697283707, 0.8119447402850603: 0.469253230349: 0.7752273202614379, 0.9171664488017429, 0.4769391285403049, 0.848611111111111, 0.7681481481481481
12211000: 0.17638888888888876, 0.2452167224945533, 0.6434625697283707, 0.8119447402850603, 0.795990635970633: 0.62415366712: 0.9171664488017429, 0.4769391285403049, 0.848611111111111, 0.7681481481481481, 0.17638888888888876
12241000: 0.2452167224945533, 0.6434625697283707, 0.8119447402850603, 0.795990635970633, 0.617476928104575: 0.717218718522: 0.4769391285403049, 0.848611111111111, 0.7681481481481481, 0.17638888888888876, 0.2452167224945533
12271000: 0.6434625697283707, 0.8119447402850603, 0.795990635970633, 0.617476928104575, 0.7115740740740741: 0.734246594609: 0.848611111111111, 0.7681481481481481, 0.17638888888888876, 0.2452167224945533, 0.6434625697283707
12301000: 0.8119447402850603, 0.795990635970633, 0.617476928104575, 0.7115740740740741, 0.6188888888888886: 0.68598263176: 0.7681481481481481, 0.17638888888888876, 0.2452167224945533, 0.6434625697283707, 0.8119447402850603
12331000: 0.795990635970633, 0.617476928104575, 0.7115740740740741, 0.6188888888888886, 0.2824074074074074: 0.557586824619: 0.17638888888888876, 0.2452167224945533, 0.6434625697283707, 0.8119447402850603, 0.795990635970633
12361000: 0.617476928104575, 0.7115740740740741, 0.6188888888888886, 0.2824074074074074, 0.6532407407407405: 0.566527777778: 0.2452167224945533, 0.6434625697283707, 0.8119447402850603, 0.795990635970633, 0.617476928104575
12391000: 0.7115740740740741, 0.6188888888888886, 0.2824074074074074, 0.6532407407407405, 0.9455902805323478: 0.625031829392: 0.6434625697283707, 0.8119447402850603, 0.795990635970633, 0.617476928104575, 0.7115740740740741
12421000: 0.6188888888888886, 0.2824074074074074, 0.6532407407407405, 0.9455902805323478, 0.9832175979125776: 0.716114006648: 0.8119447402850603, 0.795990635970633, 0.617476928104575, 0.7115740740740741, 0.6188888888888886
12451000: 0.2824074074074074, 0.6532407407407405, 0.9455902805323478, 0.9832175979125776, 1.099942141116362: 0.920497690076: 0.795990635970633, 0.617476928104575, 0.7115740740740741, 0.6188888888888886, 0.2824074074074074
12481000: 0.6532407407407405, 0.9455902805323478, 0.9832175979125776, 1.099942141116362, 1.1753588066589695: 1.05102720656: 0.617476928104575, 0.7115740740740741, 0.6188888888888886, 0.2824074074074074, 0.6532407407407405
12511000: 0.9455902805323478, 0.9832175979125776, 1.099942141116362, 1.1753588066589695, 0.8205930048531649: 1.01977788764: 0.7115740740740741, 0.6188888888888886, 0.2824074074074074, 0.6532407407407405, 0.9455902805323478
12541000: 0.9832175979125776, 1.099942141116362, 1.1753588066589695, 0.8205930048531649, 0.34295709394798796: 0.859712761644: 0.6188888888888886, 0.2824074074074074, 0.6532407407407405, 0.9455902805323478, 0.9832175979125776
12571000: 1.099942141116362, 1.1753588066589695, 0.8205930048531649, 0.34295709394798796, 0.7091088672246326: 0.762004443171: 0.2824074074074074, 0.6532407407407405, 0.9455902805323478, 0.9832175979125776, 1.099942141116362
